64,MinMax,0.403005570173,505.578277588
65,MinMax,0.217300370336,395.829376221
66,MinMax,0.107618719339,330.61315918
67,MinMax,0.0,188.355072021
68,Standard,25.2832525377,-0.120356718122
69,Standard,22.9399505886,-0.00589260668274
70,Standard,9.74768586695,0.0294317238396
71,Standard,4.77631277842,0.0434823525983
72,Standard,25.2099267209,0.346884252578
73,Standard,22.8867797538,-0.119661379063
74,Standard,9.81574637779,0.0228485669403
75,Standard,4.81479005699,0.0173169202554
76,Standard,32.3445878515,52.4280159435
77,Standard,20.0885460553,19.85511441
78,Standard,11.3995565763,6.22551132812
79,Standard,6.3796366865,2.76418564401
148,NoScale,0,0
153,NoScale,0,0
154,NoScale,0,0
155,NoScale,0,0
157,NoScale,0,0
158,NoScale,0,0
163,NoScale,0,0
168,NoScale,0,0
169,NoScale,0,0
170,NoScale,0,0
172,NoScale,0,0
173,NoScale,0,0
178,NoScale,0,0
183,NoScale,0,0
184,NoScale,0,0
185,NoScale,0,0
187,NoScale,0,0
188,NoScale,0,0
193,NoScale,0,0
198,NoScale,0,0
199,NoScale,0,0
200,NoScale,0,0
202,NoScale,0,0
203,NoScale,0,0
204,MinMax,0.264871537685,1112.91723633
205,MinMax,0.160664767027,827.267150879
206,MinMax,0.0761599838734,666.411743164
207,MinMax,0.0,406.435028076
208,Standard,25.7652163684,-0.167640615301
209,Standard,22.4392911998,0.0458535787243
210,Standard,9.60301571209,0.0530513507848
211,Standard,4.88021786532,0.0510640732197
212,Standard,25.7331831748,0.439145492864
213,Standard,22.3402115588,-0.207850019933
214,Standard,9.67007079421,0.0129470878466
215,Standard,4.8899500567,0.0135228224414
216,Standard,55.4254364341,-7.14344104959
217,Standard,25.3698135864,-1.54995028389
218,Standard,13.8770535986,-3.2268607887
219,Standard,7.81144279956,-3.07379420927
220,MinMax,0.293166786432,820.379821777
221,MinMax,0.19106566906,610.67401123
222,MinMax,0.0767033398151,496.532440186
223,MinMax,0.0,300.827209473
224,Standard,25.7676538486,-0.14279943714
225,Standard,22.5963020202,0.0179107248333
226,Standard,9.36300583658,0.0436060119972
227,Standard,4.70999201812,0.0508520023366
228,Standard,25.7173723336,0.404719975262
229,Standard,22.5182604124,-0.175142234426
230,Standard,9.43292165696,0.017676817338
231,Standard,4.73132286268,0.0146006295267
232,Standard,44.0661609184,14.8074958069
233,Standard,20.9059514821,4.63629199101
234,Standard,12.2187006723,0.179488418984
235,Standard,6.85383455193,-0.971793202248
236,MinMax,0.270610362291,1710.87683105
237,MinMax,0.172398418188,1274.4864502
238,MinMax,0.081694431603,1017.10015869
239,MinMax,0.0,623.104614258
240,Standard,25.4070535793,-0.148983275394
241,Standard,22.3362811217,0.041609630756
242,Standard,10.3135630667,0.056118211059
243,Standard,5.34795352619,0.0472760315211
244,Standard,25.388187383,0.297070781612
245,Standard,22.2366340867,-0.0601164581332
246,Standard,10.3467821362,0.00495251220286
247,Standard,5.35579016547,0.00911881987241
248,Standard,78.1980502225,-38.5661658442
249,Standard,37.4829762791,-11.2367230413
250,Standard,18.6049893814,-8.75450313139
251,Standard,10.4500350148,-6.23559326283
268,MinMax,0.715272426605,319.415283203
269,MinMax,0.188540577888,299.136352539
270,MinMax,0.0754929184914,221.200271606
271,MinMax,0.0,147.510940552
272,Standard,26.4450020754,-0.186313869683
273,Standard,21.9266062584,0.070752543521
274,Standard,9.14907045072,0.0516293117914
275,Standard,4.61348528173,0.0483350020693
276,Standard,26.4144460746,0.488960646178
277,Standard,21.8365384533,-0.266566357089
278,Standard,9.18907556843,0.0168433340631
279,Standard,4.6291946772,0.0112935258155
280,Standard,25.3791332167,6.47966664753
281,Standard,18.9997157025,0.807408541837
282,Standard,10.5377488728,-1.56815763627
283,Standard,5.9345740889,-2.06497273347
284,MinMax,0.854430675507,188711984.0
285,MinMax,0.175181478262,32792324.0
286,MinMax,0.0755416229367,6362172.5
287,MinMax,0.0,5159209.5
288,Standard,26.1938340714,-0.171682715367
289,Standard,21.8249238492,0.0914843955121
290,Standard,9.46820691254,0.0514667480833
291,Standard,4.96131157854,0.0421724000742
292,Standard,26.1763405705,0.32129961205
293,Standard,21.7273975309,-0.103862749504
294,Standard,9.4872314576,0.00920318235757
295,Standard,4.97327471391,0.00750676792523
296,Standard,44141.7687004,-158.48675639
297,Standard,8328.14745307,-51.355817686
298,Standard,2335.43197289,-34.1365261631
299,Standard,1714.84860848,-25.2454215428
304,NoScale,0,0
309,NoScale,0,0
310,NoScale,0,0
311,NoScale,0,0
313,NoScale,0,0
314,NoScale,0,0
319,NoScale,0,0
324,NoScale,0,0
325,NoScale,0,0
326,NoScale,0,0
328,NoScale,0,0
329,NoScale,0,0
330,NoScale,0,0
331,NoScale,0,0
332,NoScale,0,0
333,NoScale,0,0
334,NoScale,0,0
335,NoScale,0,0
336,NoScale,0,0
337,NoScale,0,0
338,NoScale,0,0
339,NoScale,0,0
340,NoScale,0,0
341,NoScale,0,0
346,NoScale,0,0
351,NoScale,0,0
352,NoScale,0,0
353,NoScale,0,0
355,NoScale,0,0
356,NoScale,0,0
361,MaxAbs,716.616577148,0
366,MaxAbs,716.616577148,0
367,MaxAbs,716.616577148,0
368,MaxAbs,716.616577148,0
370,MaxAbs,716.616577148,0
371,MaxAbs,716.616577148,0
376,NoScale,0,0
381,NoScale,0,0
382,NoScale,0,0
383,NoScale,0,0
385,NoScale,0,0
386,NoScale,0,0
391,NoScale,0,0
396,NoScale,0,0
397,NoScale,0,0
398,NoScale,0,0
400,NoScale,0,0
401,NoScale,0,0
406,MaxAbs,601.877258301,0
411,MaxAbs,601.877258301,0
412,MaxAbs,601.877258301,0
413,MaxAbs,601.877258301,0
415,MaxAbs,601.877258301,0
416,MaxAbs,601.877258301,0
421,NoScale,0,0
426,NoScale,0,0
427,NoScale,0,0
428,NoScale,0,0
430,NoScale,0,0
431,NoScale,0,0
436,NoScale,0,0
441,NoScale,0,0
442,NoScale,0,0
443,NoScale,0,0
445,NoScale,0,0
446,NoScale,0,0
451,MaxAbs,461.104919434,0
456,MaxAbs,481.206390381,0
457,MaxAbs,481.206390381,0
458,MaxAbs,481.206390381,0
460,MaxAbs,445.435058594,0
461,MaxAbs,445.435058594,0
466,NoScale,0,0
471,NoScale,0,0
472,NoScale,0,0
473,NoScale,0,0
475,NoScale,0,0
476,NoScale,0,0
481,NoScale,0,0
486,NoScale,0,0
487,NoScale,0,0
488,NoScale,0,0
490,NoScale,0,0
491,NoScale,0,0
496,MaxAbs,478.38973999,0
501,MaxAbs,478.38973999,0
502,MaxAbs,478.38973999,0
503,MaxAbs,478.38973999,0
505,MaxAbs,383.066986084,0
506,MaxAbs,383.066986084,0
507,MaxAbs,809.473144531,0
508,NoScale,0,0
509,NoScale,0,0
510,NoScale,0,0
511,NoScale,0,0
512,NoScale,0,0
513,NoScale,0,0
514,NoScale,0,0
515,MaxAbs,2.39999842644,0
516,MaxAbs,862.58807373,0
517,NoScale,0,0
518,MinMax,500.000030518,1599.99987793
519,NoScale,0,0
520,NoScale,0,0
525,NoScale,0,0
530,NoScale,0,0
531,NoScale,0,0
532,NoScale,0,0
534,NoScale,0,0
535,NoScale,0,0
540,NoScale,0,0
545,NoScale,0,0
546,NoScale,0,0
547,NoScale,0,0
549,NoScale,0,0
550,NoScale,0,0
