event: 366818
0,deltaEta:
[-1.00343025  0.1853832   0.71432948  0.81203383  0.18965231 -0.16299877
 -0.02165256 -0.81817353 -0.64201623 -0.02445003 -0.1194795   0.02717891
 -1.16303861 -0.88631368 -0.08878349 -0.45548406 -0.62343061 -0.975344
 -0.66374683 -0.72009718 -0.40638772 -0.57504225 -1.1620934  -0.51923007
 -2.01758504 -2.40498209 -2.17898774 -2.01242137 -1.90570927 -2.64584017
 -2.34251928 -2.23321033 -2.27954102 -2.32042241 -2.09942603 -2.58338737
 -1.60452056 -2.40466046  0.          0.          0.          0.
  0.          0.          0.          0.          0.          0.
  0.          0.        ]
1,deltaPhi:
[-2.10643816 -2.07490253 -2.57584786  2.93278456  3.02752018  3.01544428
  2.92193484  2.25127935  1.48849523 -3.09998989 -3.10324097  3.16340399
 -2.03042722 -2.40975404  3.05015516  1.04956484  0.02546005 -0.53151
 -0.22055279 -0.18225355 -0.16921523 -0.08567332 -0.39104399 -0.07560512
  1.74713838  0.53410798 -0.55043936  0.59694415 -1.0805918   0.09364597
 -0.22735147 -2.86465883 -0.91784024 -1.20349324  1.30579269  2.01388097
 -0.85621601 -0.72028869  0.          0.          0.          0.
  0.          0.          0.          0.          0.          0.
  0.          0.        ]
2,deltaR:
[2.33322835 2.08316755 2.67306161 3.0431273  3.03345466 3.01984644
 2.92201495 2.39534259 1.62104988 3.10008621 3.10554028 3.16352081
 2.33993459 2.56757998 3.05144715 1.1441381  0.62395024 1.11076498
 0.69943076 0.74280304 0.44020993 0.58138931 1.2261225  0.52470565
 2.66892147 2.46357679 2.24743652 2.09909081 2.19075465 2.64749694
 2.35352612 3.63228559 2.45738435 2.61395407 2.47238421 3.27560782
 1.81867862 2.51022077 0.         0.         0.         0.
 0.         0.         0.         0.         0.         0.
 0.         0.        ]
3,energy:
[ 0.68952972  0.85112143  0.61819828  0.33320415  6.91489601  1.37288535
  2.62687898  0.24229914  0.2814779   2.96176362  0.95039386  2.11342788
  0.377864    0.27718514 24.13908005  0.27809173  5.5881567   1.88427818
  0.84351999  3.14150071  0.78932548  5.39143801  0.85970134 15.27616024
  5.76258516  1.53099918  1.05727661  0.48461816  0.38805065  1.3218528
  0.7965095   0.6358521   0.76903433  0.66354823  0.35818386  0.27073431
  0.16996019  0.48590815  0.          0.          0.          0.
  0.          0.          0.          0.          0.          0.
  0.          0.        ]
4,logEnergy:
[-0.37174547 -0.16120049 -0.480946   -1.09899998  1.93367791  0.31691459
  0.96579647 -1.41758215 -1.26770127  1.08578491 -0.05087878  0.74831128
 -0.97322094 -1.28306961  3.18383217 -1.27980423  1.72064948  0.6335448
 -0.17017165  1.14470065 -0.23657654  1.68481219 -0.15117027  2.72629356
  1.75138617  0.42592061  0.05569638 -0.72439402 -0.94661939  0.27903441
 -0.22751619 -0.45278931 -0.26261967 -0.41015375 -1.02670884 -1.30661726
 -1.77219105 -0.72173566  0.          0.          0.          0.
  0.          0.          0.          0.          0.          0.
  0.          0.        ]
5,logEnergyRatio:
[-7.94389391 -7.73334885 -8.05309486 -8.6711483  -5.63847065 -7.25523376
 -6.60635233 -8.98973083 -8.83984947 -6.48636389 -7.62302732 -6.82383728
 -8.54536915 -8.85521793 -4.38831663 -8.85195255 -5.85149908 -6.93860388
 -7.74232006 -6.4274478  -7.80872488 -5.88733625 -7.72331905 -4.84585524
 -5.82076263 -7.14622784 -7.51645231 -8.29654217 -8.51876831 -7.29311419
 -7.79966497 -8.02493763 -7.8347683  -7.98230219 -8.59885788 -8.87876606
 -9.34433937 -8.29388428  0.          0.          0.          0.
  0.          0.          0.          0.          0.          0.
  0.          0.        ]
6,logpT:
[-0.41964075 -0.57508016 -1.34840286 -2.12570405  1.53004265  0.13778853
  0.70714062 -1.62017107 -1.4168638   0.82920253 -0.25995538  0.45721766
 -1.04853487 -1.28981411  2.96777701 -1.32848239  1.7096287   0.60986745
 -0.18968107  1.14246666 -0.31716293  1.66558421 -0.2394778   2.69516468
  1.11743283 -0.55734968 -0.72690344 -1.39694643 -1.55655038 -0.93242842
 -1.14901459 -1.27501774 -1.1266669  -1.33403015 -1.73063743 -2.60742259
 -2.08616757 -1.74356341  0.          0.          0.          0.
  0.          0.          0.          0.          0.          0.
  0.          0.        ]
7,logpTRatio:
[-7.71926641 -7.87470627 -8.64802837 -9.42533016 -5.76958323 -7.16183758
 -6.59248543 -8.91979694 -8.71648979 -6.47042322 -7.55958128 -6.84240818
 -8.34816074 -8.58944035 -4.3318491  -8.62810802 -5.58999729 -6.6897583
 -7.48930693 -6.15715933 -7.61678886 -5.63404179 -7.53910351 -4.60446119
 -6.18219328 -7.85697556 -8.02652931 -8.6965723  -8.85617638 -8.23205471
 -8.44864082 -8.57464409 -8.42629242 -8.6336565  -9.03026295 -9.90704823
 -9.38579369 -9.04318905  0.          0.          0.          0.
  0.          0.          0.          0.          0.          0.
  0.          0.        ]
8,px:
[ -0.34980643  -0.28427926  -0.2226828   -0.11608617  -4.57342672
  -1.13455105  -1.96751153  -0.12051974   0.02610178  -2.29119563
  -0.77102286  -1.57966161  -0.163441    -0.20945938 -19.31568718
   0.13772269   5.52690887   1.56196952   0.80229688   3.0670526
   0.71444303   5.25607967   0.71972334  14.73225403  -0.45920756
   0.50024688   0.40540668   0.20805967   0.09448917   0.3926847
   0.3068665   -0.27064383   0.19026721   0.08827876   0.05075758
  -0.02989541   0.0789403    0.12846377   0.           0.
   0.           0.           0.           0.           0.
   0.           0.           0.           0.           0.        ]
9,py:
[-5.56467712e-01 -4.85562891e-01 -1.33539855e-01  2.77157370e-02
  6.42763257e-01  1.73448995e-01  4.92369264e-01  1.56925097e-01
  2.41064280e-01 -3.67692150e-02 -9.86626092e-03  5.91534004e-03
 -3.10004532e-01 -1.78686738e-01  2.27017832e+00  2.26259410e-01
 -5.30257239e-04 -9.72903550e-01 -2.01537833e-01 -6.46698892e-01
 -1.40939683e-01 -5.87053120e-01 -3.18478048e-01 -1.49543571e+00
  3.02230954e+00  2.78867215e-01 -2.63295323e-01  1.33767545e-01
 -1.88506424e-01  2.67792903e-02 -7.93069601e-02 -6.95040524e-02
 -2.62386769e-01 -2.48180479e-01  1.69745073e-01  6.73909411e-02
 -9.58365574e-02 -1.18683144e-01  0.00000000e+00  0.00000000e+00
  0.00000000e+00  0.00000000e+00  0.00000000e+00  0.00000000e+00
  0.00000000e+00  0.00000000e+00  0.00000000e+00  0.00000000e+00
  0.00000000e+00  0.00000000e+00]
10,pz:
[-1.54799253e-01  6.23180568e-01  5.43397665e-01  2.78052568e-01
  5.14460325e+00  7.40307987e-01  1.66357958e+00 -9.52742621e-03
  3.11274379e-02  1.87126863e+00  5.37779987e-01  1.39704847e+00
 -1.41299084e-01 -3.20846178e-02  1.42984524e+01  8.47003311e-02
  8.13207984e-01 -3.80455732e-01  8.80945995e-02  1.56613231e-01
  2.70692110e-01  1.03784966e+00 -3.16526055e-01  3.75305772e+00
 -4.88289785e+00 -1.41296756e+00 -9.29885626e-01 -3.92688870e-01
 -2.94368535e-01 -1.25415671e+00 -7.30733037e-01 -5.71164548e-01
 -6.97399020e-01 -5.92825413e-01 -3.11297238e-01 -2.19986796e-01
 -1.16061397e-01 -4.31335688e-01  0.00000000e+00  0.00000000e+00
  0.00000000e+00  0.00000000e+00  0.00000000e+00  0.00000000e+00
  0.00000000e+00  0.00000000e+00  0.00000000e+00  0.00000000e+00
  0.00000000e+00  0.00000000e+00]
event: 366818
