52.9898536993,3294.72363281
32.1483273948,899.25592041
14.5137938189,244.885162354
8.16387725931,73.6990203857
-0.165652380298,631.667663574
0.0509081709725,484.218139648
0.0552270373502,95.0470046997
0.049169674405,24.6980037689
0.406049049019,630.374572754
-0.171504079386,480.000915527
0.00916559009369,96.1292648315
0.0107244538532,24.865278244
-22.6030940722,3926.10571289
-5.92101259717,881.282958984
-5.83201754955,239.362701416
-4.53863802363,75.5442886353
51.6630361255,1432.86523438
31.4773783324,511.007415771
12.9473840789,154.879119873
7.13772556478,45.321647644
-0.152925302789,640.010375977
0.0280055743059,490.788238525
0.0485590356345,85.1973876953
0.0517656497863,21.5983200073
0.42541859833,637.667297363
-0.19635281558,487.120452881
0.017369068411,86.5947418213
0.0141951789822,21.7748661041
5.44768404778,2139.19189453
1.77303078383,473.64855957
-1.27215459258,156.092544556
-1.88378444073,49.6757545471
55.2523044961,846.151184082
32.7936860613,407.334259033
12.95407603,128.335861206
6.84148972755,36.3270568848
-0.134122261824,633.700256348
0.00634391859003,498.750823975
0.0414238707536,84.3744049072
0.0498011963534,20.8730831146
0.383126815653,630.622741699
-0.153311761986,495.664581299
0.0185803113766,85.8034591675
0.0156513278296,21.1731548309
24.5776668072,1492.48657227
7.98611813058,381.159545898
1.70862129756,131.683654785
0.00211910282734,41.4375419617
59.1746995278,640.16607666
35.7721747533,381.165649414
13.581852587,127.847343445
7.00635814583,34.3059387207
-0.124742177379,622.824584961
-0.00320122249655,505.679718018
0.0357315411431,87.310798645
0.045890672925,21.1394882202
0.361355236224,619.263549805
-0.131735481141,503.076782227
0.0198105364284,88.7344512939
0.0166473234692,21.483625412
40.9715645806,1140.30786133
13.999921962,366.908966064
4.11303054397,124.989982605
1.50061423745,38.8228111267
66.731778242,626.201416016
39.3469252283,393.023651123
14.4989676784,133.803833008
7.36618922551,35.5651283264
-0.1203862253,613.340576172
-0.00589636032633,509.274719238
0.029429536027,91.7242431641
0.0434763238693,21.8153629303
0.346916029831,609.466186523
-0.119661063142,506.992767334
0.0228510738614,93.1114273071
0.0173157513551,22.1990604401
53.0109949507,993.430969238
19.7792730665,388.185424805
6.22324965663,124.833732605
2.77900698831,38.6327819824
78.4078340197,707.55480957
42.8570259164,426.175689697
15.4778932315,145.798629761
7.73708064937,38.813167572
-0.116717678105,605.39440918
-0.011135783263,510.981201172
0.0282151319242,96.3362197876
0.0398989069683,22.6813793182
0.340913071007,601.351501465
-0.114816396539,508.875732422
0.0236310776797,97.7188339233
0.0189168775177,23.0909633636
64.6299342706,956.91784668
25.4440708544,427.141204834
8.16941090458,129.249816895
3.89653329345,39.8545875549
89.3864889903,855.149658203
46.1101772174,471.315979004
16.4751458912,162.722473145
8.15063488931,43.3950843811
-0.114715877803,598.468566895
-0.0124023893747,511.944244385
0.0249681708759,100.614700317
0.0375672732052,23.6368656158
0.332901419787,594.210388184
-0.107779698368,510.028320312
0.0239176371403,102.038009644
0.0201986118076,24.0594387054
78.2140583179,997.132873535
30.8184152169,476.195800781
9.94177331819,137.521179199
4.85347187562,42.1279792786
72.7473759712,13874.8457031
41.1752666331,3202.59448242
21.2035150977,811.409667969
13.4641317295,239.11630249
-0.0978264305584,599.530883789
0.0140322023485,475.657318115
0.0532554645751,118.117874146
0.0372223429394,34.2179107666
0.153080836166,598.729370117
0.0829214109276,471.674407959
0.00468090562022,118.493865967
0.00571093648119,34.3142776489
-66.4276387477,13844.6503906
-29.4676639543,3154.05859375
-16.4263442281,778.926757812
-10.6902611414,237.274459839
583.28047807,960220.0625
278.029204783,219877.84375
152.633791672,53671.8632812
99.6227376772,15690.546875
-0.0711159202304,585.830993652
0.014739980796,446.196807861
0.0457689420089,131.50769043
0.031426499653,44.4702453613
0.101720761638,585.13848877
0.114069689806,442.811248779
0.0156837667953,131.276351929
0.0062765031845,44.3182182312
-582.594066407,960006.8125
-276.735097626,219777.203125
-151.968052381,53579.7382812
-99.2661392605,15663.8857422
0.219490413288,0.0287998896092
0.217232357368,0.0245759543031
0.316766025867,0.0366571284831
0.402396239674,0.0452874191105
0.492106084182,0.0465718284249
0.647580362484,0.0453652478755
0.730752459731,0.0439313948154
0.570029554055,0.0402400568128
0.910473501449,0.00703165819868
0.197484285621,0.0220102481544
0.24527076239,0.0296546276659
0.277594950386,0.0373747237027
0.239158561176,0.0309322997928
0.108103633528,0.00814263802022
0.359453968226,0.118043877184
0.464962579462,0.0299616996199
0.457112865297,0.028637830168
0.445364370039,0.0281795244664
0.453504963094,0.0291846673936
0.460683837819,0.0297207199037
0.475082288607,0.031083079055
0.514989624144,0.0319342687726
0.484392963705,0.0282774493098
0.910473501449,0.00426699966192
0.460929565359,0.0297238398343
0.451643311064,0.0281988084316
0.465626553943,0.0274277292192
0.465287756012,0.0291399080306
0.487008377366,0.0323187075555
0.578328936594,0.063322275877
0.234265961966,0.016439396888
0.335143357979,0.0244701448828
0.40421168212,0.0266223605722
0.44097801406,0.0291552692652
0.458517549847,0.0307234451175
0.465995796474,0.0310701094568
0.474147785904,0.0311121232808
0.413551797851,0.0277486648411
0.910473501449,0.00250898953527
0.274705209711,0.019827215001
0.371747535792,0.0257764793932
0.24493543764,0.0200505405664
0.234018199359,0.017327113077
0.188801984901,0.00907177198678
0.328824556777,0.0997475981712
0.344810983804,0.0217471625656
0.341388598296,0.0195456817746
0.386068328428,0.0224590729922
0.422607709712,0.025039544329
0.454739081907,0.0269858799875
0.463989817502,0.0290886424482
0.469990822662,0.0304577499628
0.361310139143,0.022669987753
0.910473501449,0.00214483379386
0.33187240858,0.0214172005653
0.36482494382,0.019802313298
0.340005865334,0.0198586843908
0.344596759099,0.0216772798449
0.341840735885,0.0287865698338
0.490782422427,0.0708101317286
51.07214388,2095.203125
31.4599360186,638.377990723
13.4166108018,188.309844971
7.54738072514,56.3378639221
-0.167660299368,638.508850098
0.0458371879761,487.248535156
0.053050780942,88.4540557861
0.0510635754616,22.6687641144
0.439168568278,636.777648926
-0.207842830213,483.101501465
0.0129479534906,89.8584518433
0.0135228030666,22.8022422791
-7.16067721164,2779.68774414
-1.54997443142,596.177185059
-3.22977267001,184.873382568
-3.07242260274,58.8686065674
53.1044408795,1090.08361816
31.8767524436,453.148895264
12.8370063939,138.654510498
6.92326880797,39.8245239258
-0.142818428133,638.400695801
0.0178928250896,494.156219482
0.0436046721445,84.1515960693
0.0508493032718,21.1015033722
0.404740962309,635.655761719
-0.175138044012,490.836456299
0.0176785274614,85.5334396362
0.0146005210558,21.3290805817
14.8318381923,1826.15942383
4.63599301739,417.571594238
0.17951312572,141.29548645
-0.971799345881,44.8581008911
58.4593840542,5253.62402344
33.5206818418,1313.05175781
15.6521600769,346.42666626
9.12770576385,104.444259644
-0.149005004257,621.083496094
0.0416049849207,482.942382812
0.0561189087939,102.559188843
0.0472714657903,27.402015686
0.297122827899,620.032836914
-0.0601190158655,478.780303955
0.00495350579408,103.408508301
0.00911875133399,27.5389289856
-37.1426710486,5642.22900391
-11.2425776363,1295.77978516
-8.65218129591,329.403503418
-6.17029710837,104.369697571
54.9056254838,4020.09838867
32.6598505132,1046.05651855
14.9905695002,281.311737061
8.58140394976,84.7053604126
-0.162002392913,627.753295898
0.0507028429016,483.40423584
0.0549567295944,98.1645431519
0.0487168686367,25.757188797
0.365824324454,626.522949219
-0.129650663679,479.211486816
0.00651945243419,99.1005096436
0.0101481254619,25.9386177063
-29.3435359466,4509.43164062
-7.97053049526,1017.12249756
-7.02074362646,268.95916748
-5.1760761013,85.9374084473
41.4599597882,522.397338867
30.4624871241,395.970214844
12.6329466037,115.346107483
7.06651797835,30.7151927948
-0.186334289959,673.838500977
0.0707337346738,467.197601318
0.0516288220659,80.2569046021
0.0483344524392,20.2298240662
0.488971212921,672.135742188
-0.266563015737,463.333007812
0.0168436429775,81.1146469116
0.0112930337274,20.4094524384
6.47890658625,606.753173828
0.807353190412,340.829986572
-1.5682198098,106.925468445
-2.06927986256,33.7082176208
155.4804801,1950308480.0
65.5446797844,69343064.0
37.3155382022,5450946.0
25.7798631816,2939101.0
-0.171708861381,661.96282959
0.0914715069203,464.346374512
0.0514645209428,86.4549484253
0.0421693700133,23.5043392181
0.321360094336,660.88092041
-0.10387293303,459.941223145
0.00920415037098,86.9326095581
0.0075053817004,23.6729831696
-149.118029699,1950309888.0
-51.1249883255,69343840.0
-31.8454938166,5451125.0
-23.2806074463,2939160.0
0.0369716227021,0.00175232312176
0.031701420227,0.00132025848143
0.0269172714252,0.0011387495324
0.0242140615875,0.00115560065024
0.0217164359,0.00125553179532
0.0190372228924,0.0011836203048
0.0165337090781,0.00101373414509
0.0258672108426,0.000801545451395
0.000585969997474,7.789391816e-07
0.0349658947215,0.00155871547759
0.0292243571943,0.00122103199828
0.0361938133642,0.00153337558731
0.0369233407408,0.00169782689773
0.0315990224461,0.00110926921479
0.02572833788,0.0010917969048
-0.218077859813,0.104207023978
0.132084712182,0.113471895456
0.358061168466,0.0946838110685
0.520851864878,0.0697280466557
0.704924910646,0.060370400548
0.770346883387,0.0458776690066
0.822197565051,0.0354847572744
-0.80316019292,0.0511583723128
-0.910473501449,0.0071347723715
-0.026459235535,0.114511474967
0.253186168513,0.106367617846
-0.394777953312,0.0851736366749
-0.287343517604,0.0968607217073
-0.0591429977989,0.0168455690145
-0.468485035991,0.108565352857
0.242596521729,0.0599875040352
0.052783349414,0.451027065516
0.130025360189,0.174210742116
-0.0855864870041,0.0762107074261
-0.139157397118,0.737197399139
0.038324402872,0.290411531925
-0.169327168365,0.128448545933
0.327922832218,0.100000597537
0.438623414568,0.384311378002
0.224580685327,0.0422897711396
0.0195715992283,0.00374824972823
0.677819773719,0.042616032064
0.677819773719,0.042616032064
0.677819773719,0.042616032064
0.677819773719,0.042616032064
0.677819773719,0.042616032064
0.677819773719,0.042616032064
0.677819773719,0.042616032064
0.677819773719,0.042616032064
0.677819773719,0.042616032064
0.677819773719,0.042616032064
0.677819773719,0.042616032064
0.677819773719,0.042616032064
0.677819773719,0.042616032064
0.677819773719,0.042616032064
0.677819773719,0.042616032064
-0.292620174633,0.672385573387
0.460295492794,0.581361949444
0.778165501731,0.28786572814
0.89245572495,0.15789180994
0.910473501449,0.0866181999445
0.910473501449,0.0482404045761
0.910473501449,0.0289995949715
-0.910473501449,0.0902432799339
-0.910473501449,0.00849881675094
0.162245719074,0.833277821541
0.617639753333,0.463622361422
-0.70106457875,0.354921460152
-0.49982935286,0.490415453911
0.40848803595,0.450659692287
-0.910473501449,0.0239488631487
94.3343823244,2653.25488281
93.8716087714,2768.828125
92.4210695519,2876.26269531
90.8762682062,2956.99511719
89.4149829654,3012.90551758
88.1257035294,3050.3605957
87.0952316321,3075.89013672
88.6086076382,2731.06567383
75.1759212191,3261.56494141
94.3339447036,2708.57348633
93.2628574303,2820.20898438
93.6029304529,2629.21069336
94.1248522745,2639.06811523
95.3264477886,2704.43041992
84.8823639641,3355.02392578
-0.0790955191464,0.693286836147
0.517876977006,0.443724811077
0.748090849509,0.262769073248
0.868465597032,0.153286293149
0.910473501449,0.0898024961352
0.910473501449,0.0525023527443
0.910473501449,0.0315915122628
-0.892679636573,0.139715075493
-0.910473501449,0.00817549508065
0.278126536984,0.615006089211
0.6430528,0.360662668943
-0.513816937216,0.41793230176
-0.26156280219,0.600694179535
0.415911145833,0.404630810022
-0.730478458329,0.155239716172
-0.485849528893,2.25861001015
-0.371500370138,2.25088000298
-0.145086537284,2.25355291367
0.0697059716405,2.15361189842
0.245412918594,2.16594147682
0.377285115526,2.12303471565
0.47013756455,2.100522995
0.127368064852,2.16730833054
0.910473501449,1.95730233192
-0.470564820054,2.25617289543
-0.274732696681,2.25152897835
-0.385065637418,2.25475072861
-0.453640661352,2.26321840286
-0.767006877386,2.14905405045
-0.256040526159,2.47182202339
61.7531125262,1783.23498535
62.4336892457,1918.75537109
61.5110735043,2052.02954102
60.1688558469,2142.12866211
58.9468449761,2190.99316406
57.9960756313,2207.64404297
57.1162251648,2199.28222656
54.4886353998,1881.9095459
45.0538509624,1985.35302734
62.4423721977,1848.078125
62.091365602,1983.43847656
60.2955713743,1769.4263916
61.2668324857,1770.67297363
65.2159223848,1837.17053223
57.1737410384,2151.27270508
-0.161408289061,0.484406471252
0.366912868151,0.417527705431
0.672832503198,0.248918935657
0.81672898765,0.152207121253
0.898041685007,0.0944328308105
0.910473501449,0.0564106591046
0.910473501449,0.0342417657375
-0.878299257179,0.144952505827
-0.910473501449,0.00771958194673
0.140328455993,0.472975760698
0.527480756001,0.328235983849
-0.452384373877,0.374677300453
-0.287887396006,0.462416410446
0.156613454462,0.355997204781
-0.591963558953,0.186644271016
-0.138094725904,15.8005409241
-0.171315347286,15.8060045242
-0.00562893897366,15.7907953262
0.164501780629,15.7944459915
0.303796300552,15.7759237289
0.413603407147,15.7759284973
0.506075705681,15.7752075195
0.449237563557,15.8267374039
0.910473501449,15.7662734985
-0.207287202691,15.8008852005
-0.101543995731,15.8075256348
0.0381978115379,15.7942647934
-0.0731650901049,15.7986536026
-0.430261324835,15.7841701508
0.130995734337,15.7983293533
32.7586347209,739.6796875
32.881001826,734.635498047
31.855857788,779.278381348
30.9290672833,817.140869141
30.1790720996,850.168762207
29.6069836548,875.921203613
29.1694670724,893.378295898
29.2021566499,848.147216797
26.1738885944,913.116333008
33.1993153709,721.915649414
32.4212360475,755.616638184
31.4426361051,781.499572754
32.2721323968,756.016418457
35.1560359568,684.316894531
30.4990631909,817.135986328
-0.112678789442,0.329647779465
0.157900864893,0.311416119337
0.359599299134,0.26404774189
0.526961027059,0.215433880687
0.664497954704,0.158477008343
0.752732592811,0.117081739008
0.81706116483,0.0921181589365
-0.677936722228,0.159335792065
-0.910473501449,0.00754526630044
0.0352545452133,0.328407466412
0.256542156573,0.290011882782
-0.265401752317,0.308260500431
-0.174322565587,0.322987347841
-0.0564100183248,0.326092034578
-0.389626574999,0.281661808491
0.0385940288805,15.7866611481
0.0483766291999,15.7855930328
0.0918398947235,15.7871398926
0.174455360483,15.7876577377
0.267872811903,15.7852678299
0.355785176823,15.771481514
0.432938468858,15.7719202042
0.270861266887,15.8039245605
0.910473501449,15.7662801743
0.0438152269455,15.786272049
0.060652725717,15.7857980728
0.037699678047,15.7870292664
0.0357033452917,15.7863607407
0.115657245465,15.7990150452
0.311329548254,15.769990921
25.5951472718,483.15435791
24.6117890718,460.443572998
24.6229206162,445.449645996
24.6035663163,458.474822998
24.4707623029,474.079833984
24.2904243375,485.80480957
24.106300605,499.08291626
27.0759517886,477.111114502
22.7511644517,501.242736816
24.827876487,476.104064941
24.6059819135,448.286437988
26.8682243195,483.787811279
26.1021882504,484.248596191
22.6608617515,352.361633301
22.8533176447,445.103851318
91.3427511163,4327.34082031
0.11648987272,0.00554114906117
0.0516873268463,0.00119768641889
0.474753584607,0.0372375510633
0.0347991481264,0.000437882641563
0.834369272813,0.0247044712305
0.0293332332714,0.000270343123702
0.0057867728238,0.0141858803108
1.94450953342,1.85371232033
0.0242325620412,0.00248879217543
0.0342544217797,0.00200799037702
0.249273738906,0.058112166822
0.133304721198,0.0426408052444
0.132766351043,0.0401850529015
0.145542053083,0.0262936763465
0.16589561149,0.0261202305555
2.22770856953,2.44722890854
0.0525720314629,0.0219663418829
0.0450280114743,0.00659166788682
0.205734962226,0.089161016047
0.174768530138,0.0780525505543
0.124003475243,0.0754764527082
0.143506918386,0.0587458834052
0.190337185073,0.0745403468609
-0.00108707505701,0.681707799435
125.882700374,3647.25708008
-0.00121910489531,3.17710995674
1022.02062038,110957.46875
2.98950388489,0.602679908276
23.965088021,38.3999938965
23.965088021,38.3999938965
23.965088021,38.3999938965
23.965088021,38.3999938965
23.965088021,38.3999938965
23.965088021,38.3999938965
23.965088021,38.3999938965
23.965088021,38.3999938965
23.965088021,38.3999938965
23.965088021,38.3999938965
23.965088021,38.3999938965
23.965088021,38.3999938965
23.965088021,38.3999938965
23.965088021,38.3999938965
23.965088021,38.3999938965
2.07507877201,2.6042714119
0.22597887123,0.0297118816525
0.239543487289,0.0293913353235
0.259072775782,0.0363276004791
0.250370151528,0.0366744957864
0.227700944808,0.0333417393267
0.198955354052,0.0295794364065
0.174627676377,0.0258359760046
0.274951398533,0.0303383599967
0.00827374663217,6.16942124907e-05
0.227164528318,0.0283402018249
0.25189167605,0.0324975624681
0.244782482014,0.0289336107671
0.232273143092,0.0297450963408
0.196509190118,0.0256128571928
0.171564751513,0.0318116471171
0.910473501449,0.0121252834797
0.910473501449,0.0147650530562
0.910473501449,0.0188998095691
0.910473501449,0.0185074806213
0.910473501449,0.0157343391329
0.910473501449,0.0127467513084
0.910473501449,0.0101100867614
0.910473501449,0.010441810824
0.910473501449,0.0071377097629
0.910473501449,0.0130823887885
0.910473501449,0.016734180972
0.910473501449,0.0115773985162
0.910473501449,0.0118936467916
0.910473501449,0.0114135742188
0.910473501449,0.0106015754864
