event: 366818;   PF_cands_LabFrame
0,deltaEta:
[ 8.92992616e-02  2.79570818e-02  9.64593887e-03 -3.90428305e-03
 -4.81981039e-03 -7.56651163e-03 -1.01300478e-02 -5.64571619e-02
 -6.37815595e-02  1.24156475e-04 -5.89489937e-05 -6.08265400e-04
  1.13469899e-01  6.09170198e-02 -5.55229187e-03 -5.20624518e-02
 -1.70695782e-03  5.28601408e-02  1.66041851e-02  1.45899653e-02
  1.01952553e-02  6.16681576e-03  4.59019542e-02  5.25128841e-03
 -2.67034829e-01 -2.17045546e-01  1.54303670e-01 -1.28053546e-01
  1.77375674e-01 -1.01502478e-01  4.86485958e-02  4.82823849e-02
  3.17821801e-01  3.25512469e-01 -2.81500638e-01 -1.09742463e-01
  1.51557028e-01  1.79206789e-01  0.00000000e+00  0.00000000e+00
  0.00000000e+00  0.00000000e+00  0.00000000e+00  0.00000000e+00
  0.00000000e+00  0.00000000e+00  0.00000000e+00  0.00000000e+00
  0.00000000e+00  0.00000000e+00]
1,deltaPhi:
[ 0.05856317  0.01657077  0.01627907  0.01598673  0.03190377  0.04508745
  0.03844681  0.04216147 -0.00676669  0.04000973  0.04372116  0.03795894
  0.06286557  0.07506572  0.04225574 -0.03098651 -0.07278673 -0.09075558
 -0.07347137 -0.07923262 -0.05725826 -0.06927125 -0.11526705 -0.06556004
  0.03747121 -0.31351084 -0.29907039 -0.17670453 -0.09613702 -0.46234095
 -0.40825388  0.36569571 -0.28020835 -0.1325478  -0.07707742  0.04675429
 -0.13685697 -0.2260198   0.          0.          0.          0.
  0.          0.          0.          0.          0.          0.
  0.          0.        ]
2,deltaR:
[0.10678953 0.03249906 0.01892227 0.01645658 0.03226579 0.04571794
 0.03975897 0.07046276 0.0641395  0.04000992 0.0437212  0.03796382
 0.12972085 0.0966734  0.04261895 0.06058599 0.07280675 0.10502747
 0.07532424 0.08056472 0.05815885 0.06954521 0.12407047 0.06577001
 0.26965106 0.38131064 0.33653042 0.21822511 0.20175345 0.47335178
 0.4111422  0.36886927 0.42370677 0.35146448 0.29186219 0.11928693
 0.20420422 0.28844413 0.         0.         0.         0.
 0.         0.         0.         0.         0.         0.
 0.         0.        ]
3,energy:
[  8.32366276  22.9153347   18.05320549   9.50023746 187.44140625
  32.8506546   66.69217682   3.6214838    4.86212969  75.12619019
  23.13388443  54.56674576   3.68473363   3.81400609 597.50402832
   5.64114952  99.55843353  23.40686989  14.4900856   51.30297852
  16.48174667  99.9855957    8.46023941 295.91253662  13.84219456
   1.88165331   2.01171136   1.44275713   1.4668628    1.093485
   1.04678023   1.02470553   1.13685238   1.11929262   0.73942047
   0.79654562   0.84222543   0.86284888   0.           0.
   0.           0.           0.           0.           0.
   0.           0.           0.           0.           0.        ]
4,logEnergy:
[ 2.11910224  3.13180637  2.89332318  2.25131679  5.23346615  3.49197173
  4.20008755  1.28688383  1.58147657  4.31916904  3.14129829  3.9994247
  1.30419827  1.33868015  6.39276123  1.73008788  4.60074472  3.15302944
  2.67346454  3.93774891  2.80225348  4.60502625  2.13537741  5.69006395
  2.62772155  0.63215083  0.69898576  0.36655599  0.38312596  0.08936986
  0.045719    0.02440523  0.12826343  0.11269685 -0.30188853 -0.22747086
 -0.17170753 -0.1475157   0.          0.          0.          0.
  0.          0.          0.          0.          0.          0.
  0.          0.        ]
5,logEnergyRatio:
[-5.45304632 -4.44034243 -4.67882538 -5.32083178 -2.33868241 -4.08017683
 -3.37206101 -6.28526497 -5.99067211 -3.25297952 -4.43085051 -3.57272387
 -6.26795053 -6.23346853 -1.17938733 -5.84206057 -2.97140384 -4.41911936
 -4.89868402 -3.63439965 -4.76989508 -2.96712232 -5.43677139 -1.88208461
 -4.94442701 -6.93999767 -6.87316275 -7.20559263 -7.18902254 -7.48277855
 -7.52642965 -7.54774332 -7.44388533 -7.45945168 -7.87403727 -7.7996192
 -7.74385595 -7.7196641   0.          0.          0.          0.
  0.          0.          0.          0.          0.          0.
  0.          0.        ]
6,logpT:
[ 1.78784561  2.84236264  2.61591196  1.98261654  4.96546364  3.22572732
  3.93549538  1.05060303  1.34999907  4.04797316  2.87020445  3.72870088
  0.95611221  1.02710509  6.12523031  1.49185014  4.3307333   2.84690595
  2.39148259  3.65713072  2.52447796  4.32991076  1.83383071  5.41554451
  2.5061636   0.48370332  0.31916371  0.16855536 -0.01574836 -0.12741177
 -0.25754192 -0.27860877 -0.37398347 -0.40351388 -0.4167591  -0.44683656
 -0.54712093 -0.55644697  0.          0.          0.          0.
  0.          0.          0.          0.          0.          0.
  0.          0.        ]
7,logpTRatio:
[-5.51178026 -4.45726347 -4.68371391 -5.31700945 -2.33416224 -4.07389879
 -3.3641305  -6.24902296 -5.94962692 -3.25165272 -4.42942142 -3.570925
 -6.34351349 -6.27252102 -1.17439556 -5.80777597 -2.96889257 -4.45272017
 -4.90814352 -3.64249516 -4.77514791 -2.96971512 -5.46579504 -1.88408136
 -4.79346228 -6.81592274 -6.98046207 -7.13107061 -7.31537437 -7.42703772
 -7.55716801 -7.57823467 -7.67360926 -7.70313978 -7.71638489 -7.74646235
 -7.84674692 -7.8560729   0.          0.          0.          0.
  0.          0.          0.          0.          0.          0.
  0.          0.        ]
8,px:
[  5.97330713  17.15555763  13.67909908   7.26138639 143.37211609
  25.1670742   51.18324661   2.85898089   3.855407    57.27526855
  17.63771439  41.62179947   2.59975195   2.78954625 457.18624878
   4.43820858  75.63278961  17.11792946  10.87614059  38.53744507
  12.44158936  75.59633636   6.19586515 223.94216919  12.25694275
   1.52971852   1.30410922   1.15946615   0.97709507   0.77765
   0.70135164   0.71347535   0.65607744   0.65963757   0.65571094
   0.63950473   0.57099873   0.5551973    0.           0.
   0.           0.           0.           0.           0.
   0.           0.           0.           0.           0.        ]
9,py:
[ 1.97233677e-01 -1.54150575e-01 -1.26903445e-01 -6.94882199e-02
  9.10107136e-01  4.91612166e-01  6.59830928e-01  4.74791266e-02
 -1.24660492e-01  8.27899277e-01  3.20427358e-01  5.16259849e-01
  9.70406905e-02  1.38222665e-01  7.63560629e+00 -2.51215160e-01
 -7.46200562e+00 -2.00004053e+00 -1.08056998e+00 -4.05313158e+00
 -1.03270280e+00 -7.19015598e+00 -8.78334403e-01 -2.04613762e+01
  1.46051109e-01 -5.39512277e-01 -4.38874155e-01 -2.37765387e-01
 -1.19496107e-01 -4.12690908e-01 -3.24894369e-01  2.52494693e-01
 -2.07099706e-01 -1.05168954e-01 -6.75351471e-02  1.35584436e-02
 -9.35617015e-02 -1.42697439e-01  0.00000000e+00  0.00000000e+00
  0.00000000e+00  0.00000000e+00  0.00000000e+00  0.00000000e+00
  0.00000000e+00  0.00000000e+00  0.00000000e+00  0.00000000e+00
  0.00000000e+00  0.00000000e+00]
10,pz:
[5.79176903e+00 1.51906624e+01 1.17798510e+01 6.12392759e+00
 1.20738853e+02 2.11074123e+01 4.27512245e+01 2.21802902e+00
 2.95654106e+00 4.86084747e+01 1.49654760e+01 3.52827110e+01
 2.60943174e+00 2.59730029e+00 3.84621277e+02 3.47300506e+00
 6.43106613e+01 1.58378782e+01 9.51236248e+00 3.36216278e+01
 1.07595949e+01 6.50430298e+01 5.69174528e+00 1.92342041e+02
 6.42906857e+00 9.43419099e-01 1.46089125e+00 8.13133717e-01
 1.07852900e+00 6.33394480e-01 7.05902517e-01 6.90811574e-01
 9.05044496e-01 8.87223780e-01 3.34999710e-01 4.53725904e-01
 6.12005234e-01 6.29630029e-01 0.00000000e+00 0.00000000e+00
 0.00000000e+00 0.00000000e+00 0.00000000e+00 0.00000000e+00
 0.00000000e+00 0.00000000e+00 0.00000000e+00 0.00000000e+00
 0.00000000e+00 0.00000000e+00]
