nJets:
WW:
7850006 events with <4 jets: [2. 2. 2. ... 3. 3. 3.]
ZZ:
7188052 events with <4 jets: [3. 3. 3. ... 3. 3. 3.]
HH:
7927242 events with <4 jets: [3. 3. 3. ... 3. 3. 3.]
TT:
9932336 events with <4 jets: [2. 3. 3. ... 2. 3. 3.]
BB:
6504540 events with <4 jets: [3. 3. 3. ... 3. 2. 3.]
QCD:
13602628 events with <4 jets: [2. 2. 2. ... 3. 2. 2.]

nJets_100GeV:
WW:
336 events with <4 jets: [1. 3. 3. 2. 3. 3. 1. 2. 3. 3. 3. 3. 3. 3. 3. 3. 3. 3. 2. 3. 3. 2. 3. 3.
 3. 3. 3. 3. 3. 3. 3. 3. 3. 2. 3. 2. 3. 3. 2. 2. 3. 3. 3. 3. 2. 3. 3. 3.
 2. 2. 3. 3. 3. 2. 2. 3. 3. 3. 2. 3. 3. 3. 2. 3. 3. 2. 2. 2. 3. 3. 2. 3.
 3. 2. 3. 3. 2. 3. 2. 2. 3. 3. 2. 2. 3. 3. 2. 3. 3. 2. 3. 3. 3. 3. 3. 3.
 3. 3. 3. 2. 3. 2. 3. 3. 3. 3. 3. 3. 3. 3. 1. 3. 3. 3. 3. 3. 3. 2. 3. 3.
 3. 3. 2. 3. 2. 3. 3. 2. 3. 3. 3. 3. 3. 3. 3. 3. 3. 2. 3. 3. 3. 3. 3. 3.
 3. 2. 3. 3. 2. 2. 2. 3. 3. 3. 3. 3. 3. 3. 2. 3. 2. 3. 3. 3. 2. 3. 2. 2.
 3. 3. 3. 2. 3. 3. 3. 2. 1. 3. 3. 3. 3. 1. 3. 3. 3. 3. 2. 3. 3. 3. 2. 2.
 3. 3. 1. 3. 3. 2. 3. 3. 3. 3. 3. 3. 3. 2. 2. 3. 3. 3. 2. 3. 3. 3. 2. 3.
 2. 3. 3. 3. 3. 3. 3. 2. 3. 3. 3. 3. 3. 3. 3. 3. 3. 3. 3. 3. 3. 3. 3. 3.
 2. 3. 3. 3. 2. 3. 3. 2. 3. 2. 1. 2. 3. 3. 3. 3. 3. 2. 3. 2. 3. 3. 3. 3.
 3. 3. 2. 3. 3. 2. 3. 3. 2. 2. 3. 3. 2. 3. 2. 2. 2. 3. 3. 1. 3. 3. 3. 2.
 2. 3. 3. 3. 3. 2. 3. 3. 3. 3. 3. 2. 3. 3. 3. 3. 2. 3. 3. 3. 3. 2. 3. 3.
 2. 3. 3. 2. 3. 3. 3. 3. 3. 2. 3. 3. 3. 3. 3. 3. 3. 3. 3. 3. 3. 3. 3. 2.]
ZZ:
225 events with <4 jets: [2. 3. 2. 3. 3. 3. 3. 3. 3. 3. 2. 3. 3. 3. 3. 3. 2. 3. 3. 3. 3. 3. 1. 3.
 3. 3. 3. 3. 3. 3. 3. 3. 3. 2. 3. 2. 3. 2. 3. 3. 3. 3. 3. 3. 2. 2. 3. 3.
 2. 2. 3. 3. 2. 3. 2. 3. 3. 3. 3. 3. 2. 3. 3. 3. 2. 3. 3. 2. 3. 3. 3. 3.
 1. 3. 3. 3. 2. 2. 2. 3. 3. 2. 3. 3. 2. 2. 3. 2. 3. 3. 3. 2. 2. 3. 2. 3.
 3. 3. 2. 2. 2. 2. 3. 1. 3. 3. 3. 3. 3. 3. 2. 3. 2. 3. 3. 1. 3. 3. 3. 3.
 3. 3. 3. 3. 3. 3. 3. 3. 3. 3. 2. 3. 3. 3. 3. 2. 2. 2. 3. 3. 2. 3. 3. 3.
 2. 3. 3. 3. 3. 3. 3. 3. 3. 3. 2. 3. 3. 3. 2. 2. 3. 3. 3. 3. 3. 2. 3. 3.
 3. 3. 3. 3. 2. 3. 2. 3. 2. 3. 3. 2. 3. 2. 3. 2. 3. 2. 3. 3. 3. 2. 3. 2.
 3. 3. 3. 2. 3. 3. 2. 3. 3. 3. 3. 2. 2. 3. 2. 3. 2. 3. 3. 3. 3. 3. 3. 3.
 2. 3. 3. 3. 3. 2. 2. 2. 3.]
HH:
266 events with <4 jets: [3. 3. 3. 3. 3. 1. 3. 3. 3. 3. 3. 3. 2. 3. 1. 3. 3. 3. 2. 3. 3. 3. 2. 3.
 2. 2. 3. 3. 2. 2. 3. 2. 2. 3. 3. 3. 1. 3. 3. 3. 3. 2. 3. 2. 2. 3. 3. 2.
 2. 2. 3. 2. 1. 3. 1. 3. 3. 2. 2. 1. 3. 3. 2. 3. 3. 2. 1. 3. 2. 3. 2. 2.
 3. 3. 3. 3. 2. 3. 3. 3. 3. 3. 3. 3. 3. 3. 3. 3. 2. 3. 2. 1. 3. 3. 3. 3.
 2. 3. 3. 3. 2. 3. 3. 2. 2. 3. 3. 2. 3. 3. 2. 3. 2. 3. 2. 3. 3. 2. 1. 3.
 3. 3. 2. 3. 3. 3. 2. 3. 3. 3. 3. 2. 3. 3. 3. 1. 3. 3. 2. 3. 3. 3. 3. 1.
 3. 3. 3. 3. 3. 3. 3. 3. 3. 3. 2. 3. 3. 3. 3. 3. 2. 2. 2. 3. 3. 3. 3. 3.
 3. 3. 3. 3. 3. 3. 2. 3. 3. 3. 3. 3. 2. 2. 3. 3. 3. 3. 1. 3. 3. 3. 3. 2.
 2. 3. 2. 3. 2. 2. 3. 3. 2. 3. 3. 3. 2. 3. 3. 2. 3. 2. 2. 3. 3. 3. 2. 3.
 1. 3. 2. 3. 3. 3. 2. 3. 3. 1. 3. 2. 3. 3. 2. 3. 2. 3. 3. 2. 3. 2. 2. 3.
 1. 3. 3. 2. 3. 2. 3. 3. 3. 3. 2. 3. 2. 3. 3. 3. 3. 3. 2. 3. 3. 3. 2. 3.
 2. 3.]
TT:
1001 events with <4 jets: [3. 3. 3. ... 3. 1. 3.]
BB:
693 events with <4 jets: [3. 3. 3. 2. 3. 3. 3. 3. 3. 3. 2. 3. 2. 3. 2. 3. 3. 3. 3. 1. 3. 3. 1. 1.
 3. 3. 3. 3. 2. 2. 3. 3. 3. 2. 3. 3. 3. 1. 3. 3. 2. 2. 3. 3. 3. 2. 3. 3.
 3. 3. 2. 2. 3. 3. 3. 2. 2. 3. 3. 3. 3. 3. 3. 3. 2. 3. 3. 1. 3. 3. 2. 3.
 3. 2. 3. 3. 2. 3. 3. 3. 3. 3. 3. 3. 3. 3. 3. 3. 3. 3. 3. 3. 3. 2. 3. 3.
 3. 1. 2. 3. 3. 3. 3. 3. 3. 3. 2. 3. 3. 2. 3. 3. 3. 3. 3. 3. 3. 2. 3. 3.
 2. 3. 2. 2. 3. 3. 3. 3. 2. 3. 3. 3. 1. 3. 3. 3. 2. 3. 1. 2. 3. 3. 3. 2.
 2. 3. 2. 3. 3. 2. 2. 3. 3. 3. 1. 3. 3. 3. 2. 2. 2. 2. 2. 3. 3. 3. 2. 2.
 3. 3. 2. 3. 3. 2. 2. 3. 3. 3. 2. 3. 2. 2. 3. 3. 3. 3. 2. 3. 3. 3. 2. 3.
 3. 3. 3. 3. 3. 3. 2. 3. 1. 2. 2. 3. 2. 3. 2. 3. 2. 3. 2. 2. 3. 3. 2. 2.
 3. 3. 3. 3. 2. 3. 2. 3. 3. 2. 3. 2. 2. 1. 3. 3. 3. 3. 3. 3. 3. 3. 3. 3.
 3. 2. 3. 3. 3. 3. 3. 3. 3. 3. 3. 2. 2. 3. 3. 3. 3. 1. 3. 3. 3. 1. 3. 3.
 3. 2. 3. 3. 3. 3. 1. 3. 2. 3. 2. 3. 3. 2. 3. 3. 1. 3. 3. 3. 3. 3. 3. 3.
 3. 3. 3. 3. 2. 2. 3. 3. 3. 3. 2. 2. 3. 3. 3. 3. 3. 2. 3. 3. 3. 3. 3. 2.
 3. 3. 3. 3. 2. 2. 2. 2. 3. 3. 2. 3. 2. 2. 2. 2. 3. 3. 3. 3. 3. 2. 2. 3.
 2. 3. 3. 2. 2. 2. 3. 3. 2. 3. 3. 3. 3. 3. 3. 2. 3. 2. 2. 2. 3. 3. 3. 2.
 2. 3. 3. 2. 2. 3. 3. 3. 3. 3. 2. 2. 3. 3. 3. 3. 3. 3. 2. 3. 3. 3. 2. 3.
 2. 3. 3. 3. 3. 2. 3. 3. 3. 3. 3. 3. 2. 1. 3. 3. 2. 3. 3. 3. 2. 3. 3. 1.
 3. 2. 3. 3. 3. 3. 3. 2. 2. 3. 1. 3. 2. 3. 2. 2. 2. 3. 2. 3. 2. 2. 2. 1.
 2. 3. 3. 3. 3. 3. 2. 2. 2. 3. 2. 3. 3. 3. 3. 3. 3. 3. 3. 3. 3. 3. 3. 3.
 2. 3. 3. 1. 3. 1. 2. 3. 2. 1. 3. 2. 2. 2. 3. 3. 3. 3. 3. 2. 3. 3. 3. 3.
 3. 1. 2. 3. 2. 3. 2. 2. 3. 3. 3. 2. 3. 3. 3. 3. 2. 2. 2. 3. 2. 3. 3. 2.
 2. 3. 3. 2. 3. 3. 3. 3. 3. 3. 3. 3. 3. 3. 3. 3. 3. 3. 2. 3. 2. 3. 2. 3.
 2. 3. 3. 3. 3. 2. 2. 3. 3. 3. 3. 3. 3. 3. 3. 2. 3. 2. 3. 3. 3. 3. 3. 3.
 2. 2. 3. 3. 2. 3. 2. 3. 3. 3. 3. 3. 3. 1. 3. 3. 3. 3. 1. 3. 3. 2. 3. 3.
 2. 2. 3. 3. 3. 3. 1. 3. 3. 2. 2. 2. 3. 2. 3. 2. 3. 3. 3. 3. 2. 3. 1. 3.
 3. 3. 2. 1. 3. 2. 2. 3. 3. 3. 2. 3. 3. 2. 3. 3. 3. 3. 3. 2. 3. 3. 3. 3.
 3. 3. 3. 3. 3. 3. 3. 3. 2. 3. 3. 2. 3. 3. 3. 3. 2. 3. 3. 2. 3. 2. 3. 3.
 3. 3. 3. 1. 2. 2. 3. 3. 3. 1. 3. 3. 3. 3. 2. 3. 3. 2. 2. 2. 3. 3. 2. 2.
 3. 3. 2. 2. 3. 3. 2. 3. 3. 2. 3. 2. 1. 3. 3. 3. 3. 2. 3. 2. 2.]
QCD:
575 events with <4 jets: [3. 3. 3. 3. 2. 3. 2. 3. 2. 1. 3. 1. 3. 3. 3. 2. 2. 3. 3. 3. 3. 3. 3. 3.
 3. 3. 3. 3. 3. 3. 3. 3. 2. 2. 2. 2. 3. 3. 3. 2. 2. 3. 3. 3. 3. 2. 3. 3.
 3. 3. 1. 2. 3. 3. 2. 3. 3. 3. 3. 2. 3. 3. 2. 3. 3. 3. 2. 1. 3. 2. 3. 3.
 2. 3. 3. 3. 3. 1. 2. 2. 3. 2. 3. 3. 3. 2. 3. 2. 3. 2. 3. 1. 3. 3. 2. 3.
 3. 3. 3. 3. 2. 3. 3. 2. 3. 3. 3. 3. 3. 3. 3. 2. 3. 2. 3. 2. 3. 3. 3. 3.
 2. 3. 1. 3. 2. 2. 2. 2. 2. 1. 3. 3. 2. 2. 3. 2. 3. 3. 1. 1. 3. 2. 3. 3.
 3. 3. 3. 3. 3. 3. 3. 3. 2. 3. 2. 3. 3. 3. 3. 2. 1. 3. 3. 3. 2. 2. 3. 1.
 2. 3. 3. 2. 3. 3. 2. 3. 3. 2. 3. 3. 3. 3. 2. 3. 2. 3. 2. 3. 3. 3. 3. 3.
 3. 3. 3. 2. 2. 2. 3. 3. 2. 3. 3. 3. 3. 3. 3. 3. 3. 1. 2. 2. 3. 2. 3. 3.
 3. 2. 3. 3. 3. 3. 3. 3. 2. 3. 3. 3. 2. 3. 3. 2. 2. 2. 3. 3. 3. 3. 3. 1.
 3. 1. 3. 2. 3. 1. 3. 2. 3. 3. 3. 3. 2. 2. 2. 3. 2. 3. 2. 3. 3. 2. 2. 3.
 3. 3. 3. 2. 3. 2. 2. 2. 2. 1. 3. 3. 3. 2. 3. 2. 3. 3. 2. 2. 3. 2. 3. 2.
 3. 3. 2. 3. 3. 3. 3. 3. 3. 2. 3. 3. 3. 2. 2. 3. 3. 3. 2. 3. 2. 3. 3. 3.
 3. 2. 3. 3. 3. 2. 1. 3. 3. 2. 3. 2. 3. 3. 3. 3. 3. 3. 3. 3. 3. 2. 3. 3.
 3. 3. 3. 3. 3. 3. 3. 3. 2. 3. 3. 2. 3. 2. 3. 1. 3. 3. 2. 3. 2. 3. 3. 3.
 2. 2. 2. 2. 3. 2. 3. 3. 3. 3. 3. 2. 3. 2. 3. 3. 3. 3. 3. 3. 2. 3. 2. 3.
 3. 3. 2. 2. 3. 3. 2. 3. 2. 3. 2. 2. 3. 3. 3. 3. 3. 2. 3. 3. 3. 3. 3. 2.
 3. 3. 2. 3. 2. 3. 2. 3. 3. 3. 3. 3. 2. 3. 2. 2. 3. 2. 3. 2. 2. 1. 3. 2.
 3. 2. 3. 3. 3. 3. 3. 3. 3. 2. 3. 2. 3. 2. 3. 3. 3. 3. 3. 3. 3. 3. 3. 3.
 2. 3. 3. 2. 3. 3. 3. 3. 2. 3. 2. 2. 3. 3. 3. 3. 2. 3. 3. 3. 2. 3. 3. 2.
 3. 3. 3. 2. 3. 2. 2. 3. 3. 3. 3. 3. 3. 3. 3. 2. 2. 3. 2. 2. 3. 2. 2. 2.
 2. 3. 2. 3. 2. 2. 3. 3. 3. 3. 3. 2. 3. 3. 3. 3. 3. 3. 3. 2. 3. 3. 2. 3.
 3. 1. 3. 3. 3. 2. 2. 3. 3. 3. 3. 3. 2. 3. 2. 2. 3. 3. 3. 3. 2. 3. 3. 3.
 3. 3. 3. 3. 3. 3. 3. 1. 3. 3. 2. 3. 3. 3. 3. 2. 3. 3. 2. 3. 3. 3. 2.]

nJets_150GeV:
WW:
336 events with <4 jets: [1. 3. 3. 2. 3. 3. 1. 2. 3. 3. 3. 3. 3. 3. 3. 3. 3. 3. 2. 3. 3. 2. 3. 3.
 3. 3. 3. 3. 3. 3. 3. 3. 3. 2. 3. 2. 3. 3. 2. 2. 3. 3. 3. 3. 2. 3. 3. 3.
 2. 2. 3. 3. 3. 2. 2. 3. 3. 3. 2. 3. 3. 3. 2. 3. 3. 2. 2. 2. 3. 3. 2. 3.
 3. 2. 3. 3. 2. 3. 2. 2. 3. 3. 2. 2. 3. 3. 2. 3. 3. 2. 3. 3. 3. 3. 3. 3.
 3. 3. 3. 2. 3. 2. 3. 3. 3. 3. 3. 3. 3. 3. 1. 3. 3. 3. 3. 3. 3. 2. 3. 3.
 3. 3. 2. 3. 2. 3. 3. 2. 3. 3. 3. 3. 3. 3. 3. 3. 3. 2. 3. 3. 3. 3. 3. 3.
 3. 2. 3. 3. 2. 2. 2. 3. 3. 3. 3. 3. 3. 3. 2. 3. 2. 3. 3. 3. 2. 3. 2. 2.
 3. 3. 3. 2. 3. 3. 3. 2. 1. 3. 3. 3. 3. 1. 3. 3. 3. 3. 2. 3. 3. 3. 2. 2.
 3. 3. 1. 3. 3. 2. 3. 3. 3. 3. 3. 3. 3. 2. 2. 3. 3. 3. 2. 3. 3. 3. 2. 3.
 2. 3. 3. 3. 3. 3. 3. 2. 3. 3. 3. 3. 3. 3. 3. 3. 3. 3. 3. 3. 3. 3. 3. 3.
 2. 3. 3. 3. 2. 3. 3. 2. 3. 2. 1. 2. 3. 3. 3. 3. 3. 2. 3. 2. 3. 3. 3. 3.
 3. 3. 2. 3. 3. 2. 3. 3. 2. 2. 3. 3. 2. 3. 2. 2. 2. 3. 3. 1. 3. 3. 3. 2.
 2. 3. 3. 3. 3. 2. 3. 3. 3. 3. 3. 2. 3. 3. 3. 3. 2. 3. 3. 3. 3. 2. 3. 3.
 2. 3. 3. 2. 3. 3. 3. 3. 3. 2. 3. 3. 3. 3. 3. 3. 3. 3. 3. 3. 3. 3. 3. 2.]
ZZ:
225 events with <4 jets: [2. 3. 2. 3. 3. 3. 3. 3. 3. 3. 2. 3. 3. 3. 3. 3. 2. 3. 3. 3. 3. 3. 1. 3.
 3. 3. 3. 3. 3. 3. 3. 3. 3. 2. 3. 2. 3. 2. 3. 3. 3. 3. 3. 3. 2. 2. 3. 3.
 2. 2. 3. 3. 2. 3. 2. 3. 3. 3. 3. 3. 2. 3. 3. 3. 2. 3. 3. 2. 3. 3. 3. 3.
 1. 3. 3. 3. 2. 2. 2. 3. 3. 2. 3. 3. 2. 2. 3. 2. 3. 3. 3. 2. 2. 3. 2. 3.
 3. 3. 2. 2. 2. 2. 3. 1. 3. 3. 3. 3. 3. 3. 2. 3. 2. 3. 3. 1. 3. 3. 3. 3.
 3. 3. 3. 3. 3. 3. 3. 3. 3. 3. 2. 3. 3. 3. 3. 2. 2. 2. 3. 3. 2. 3. 3. 3.
 2. 3. 3. 3. 3. 3. 3. 3. 3. 3. 2. 3. 3. 3. 2. 2. 3. 3. 3. 3. 3. 2. 3. 3.
 3. 3. 3. 3. 2. 3. 2. 3. 2. 3. 3. 2. 3. 2. 3. 2. 3. 2. 3. 3. 3. 2. 3. 2.
 3. 3. 3. 2. 3. 3. 2. 3. 3. 3. 3. 2. 2. 3. 2. 3. 2. 3. 3. 3. 3. 3. 3. 3.
 2. 3. 3. 3. 3. 2. 2. 2. 3.]
HH:
266 events with <4 jets: [3. 3. 3. 3. 3. 1. 3. 3. 3. 3. 3. 3. 2. 3. 1. 3. 3. 3. 2. 3. 3. 3. 2. 3.
 2. 2. 3. 3. 2. 2. 3. 2. 2. 3. 3. 3. 1. 3. 3. 3. 3. 2. 3. 2. 2. 3. 3. 2.
 2. 2. 3. 2. 1. 3. 1. 3. 3. 2. 2. 1. 3. 3. 2. 3. 3. 2. 1. 3. 2. 3. 2. 2.
 3. 3. 3. 3. 2. 3. 3. 3. 3. 3. 3. 3. 3. 3. 3. 3. 2. 3. 2. 1. 3. 3. 3. 3.
 2. 3. 3. 3. 2. 3. 3. 2. 2. 3. 3. 2. 3. 3. 2. 3. 2. 3. 2. 3. 3. 2. 1. 3.
 3. 3. 2. 3. 3. 3. 2. 3. 3. 3. 3. 2. 3. 3. 3. 1. 3. 3. 2. 3. 3. 3. 3. 1.
 3. 3. 3. 3. 3. 3. 3. 3. 3. 3. 2. 3. 3. 3. 3. 3. 2. 2. 2. 3. 3. 3. 3. 3.
 3. 3. 3. 3. 3. 3. 2. 3. 3. 3. 3. 3. 2. 2. 3. 3. 3. 3. 1. 3. 3. 3. 3. 2.
 2. 3. 2. 3. 2. 2. 3. 3. 2. 3. 3. 3. 2. 3. 3. 2. 3. 2. 2. 3. 3. 3. 2. 3.
 1. 3. 2. 3. 3. 3. 2. 3. 3. 1. 3. 2. 3. 3. 2. 3. 2. 3. 3. 2. 3. 2. 2. 3.
 1. 3. 3. 2. 3. 2. 3. 3. 3. 3. 2. 3. 2. 3. 3. 3. 3. 3. 2. 3. 3. 3. 2. 3.
 2. 3.]
TT:
1001 events with <4 jets: [3. 3. 3. ... 3. 1. 3.]
BB:
693 events with <4 jets: [3. 3. 3. 2. 3. 3. 3. 3. 3. 3. 2. 3. 2. 3. 2. 3. 3. 3. 3. 1. 3. 3. 1. 1.
 3. 3. 3. 3. 2. 2. 3. 3. 3. 2. 3. 3. 3. 1. 3. 3. 2. 2. 3. 3. 3. 2. 3. 3.
 3. 3. 2. 2. 3. 3. 3. 2. 2. 3. 3. 3. 3. 3. 3. 3. 2. 3. 3. 1. 3. 3. 2. 3.
 3. 2. 3. 3. 2. 3. 3. 3. 3. 3. 3. 3. 3. 3. 3. 3. 3. 3. 3. 3. 3. 2. 3. 3.
 3. 1. 2. 3. 3. 3. 3. 3. 3. 3. 2. 3. 3. 2. 3. 3. 3. 3. 3. 3. 3. 2. 3. 3.
 2. 3. 2. 2. 3. 3. 3. 3. 2. 3. 3. 3. 1. 3. 3. 3. 2. 3. 1. 2. 3. 3. 3. 2.
 2. 3. 2. 3. 3. 2. 2. 3. 3. 3. 1. 3. 3. 3. 2. 2. 2. 2. 2. 3. 3. 3. 2. 2.
 3. 3. 2. 3. 3. 2. 2. 3. 3. 3. 2. 3. 2. 2. 3. 3. 3. 3. 2. 3. 3. 3. 2. 3.
 3. 3. 3. 3. 3. 3. 2. 3. 1. 2. 2. 3. 2. 3. 2. 3. 2. 3. 2. 2. 3. 3. 2. 2.
 3. 3. 3. 3. 2. 3. 2. 3. 3. 2. 3. 2. 2. 1. 3. 3. 3. 3. 3. 3. 3. 3. 3. 3.
 3. 2. 3. 3. 3. 3. 3. 3. 3. 3. 3. 2. 2. 3. 3. 3. 3. 1. 3. 3. 3. 1. 3. 3.
 3. 2. 3. 3. 3. 3. 1. 3. 2. 3. 2. 3. 3. 2. 3. 3. 1. 3. 3. 3. 3. 3. 3. 3.
 3. 3. 3. 3. 2. 2. 3. 3. 3. 3. 2. 2. 3. 3. 3. 3. 3. 2. 3. 3. 3. 3. 3. 2.
 3. 3. 3. 3. 2. 2. 2. 2. 3. 3. 2. 3. 2. 2. 2. 2. 3. 3. 3. 3. 3. 2. 2. 3.
 2. 3. 3. 2. 2. 2. 3. 3. 2. 3. 3. 3. 3. 3. 3. 2. 3. 2. 2. 2. 3. 3. 3. 2.
 2. 3. 3. 2. 2. 3. 3. 3. 3. 3. 2. 2. 3. 3. 3. 3. 3. 3. 2. 3. 3. 3. 2. 3.
 2. 3. 3. 3. 3. 2. 3. 3. 3. 3. 3. 3. 2. 1. 3. 3. 2. 3. 3. 3. 2. 3. 3. 1.
 3. 2. 3. 3. 3. 3. 3. 2. 2. 3. 1. 3. 2. 3. 2. 2. 2. 3. 2. 3. 2. 2. 2. 1.
 2. 3. 3. 3. 3. 3. 2. 2. 2. 3. 2. 3. 3. 3. 3. 3. 3. 3. 3. 3. 3. 3. 3. 3.
 2. 3. 3. 1. 3. 1. 2. 3. 2. 1. 3. 2. 2. 2. 3. 3. 3. 3. 3. 2. 3. 3. 3. 3.
 3. 1. 2. 3. 2. 3. 2. 2. 3. 3. 3. 2. 3. 3. 3. 3. 2. 2. 2. 3. 2. 3. 3. 2.
 2. 3. 3. 2. 3. 3. 3. 3. 3. 3. 3. 3. 3. 3. 3. 3. 3. 3. 2. 3. 2. 3. 2. 3.
 2. 3. 3. 3. 3. 2. 2. 3. 3. 3. 3. 3. 3. 3. 3. 2. 3. 2. 3. 3. 3. 3. 3. 3.
 2. 2. 3. 3. 2. 3. 2. 3. 3. 3. 3. 3. 3. 1. 3. 3. 3. 3. 1. 3. 3. 2. 3. 3.
 2. 2. 3. 3. 3. 3. 1. 3. 3. 2. 2. 2. 3. 2. 3. 2. 3. 3. 3. 3. 2. 3. 1. 3.
 3. 3. 2. 1. 3. 2. 2. 3. 3. 3. 2. 3. 3. 2. 3. 3. 3. 3. 3. 2. 3. 3. 3. 3.
 3. 3. 3. 3. 3. 3. 3. 3. 2. 3. 3. 2. 3. 3. 3. 3. 2. 3. 3. 2. 3. 2. 3. 3.
 3. 3. 3. 1. 2. 2. 3. 3. 3. 1. 3. 3. 3. 3. 2. 3. 3. 2. 2. 2. 3. 3. 2. 2.
 3. 3. 2. 2. 3. 3. 2. 3. 3. 2. 3. 2. 1. 3. 3. 3. 3. 2. 3. 2. 2.]
QCD:
575 events with <4 jets: [3. 3. 3. 3. 2. 3. 2. 3. 2. 1. 3. 1. 3. 3. 3. 2. 2. 3. 3. 3. 3. 3. 3. 3.
 3. 3. 3. 3. 3. 3. 3. 3. 2. 2. 2. 2. 3. 3. 3. 2. 2. 3. 3. 3. 3. 2. 3. 3.
 3. 3. 1. 2. 3. 3. 2. 3. 3. 3. 3. 2. 3. 3. 2. 3. 3. 3. 2. 1. 3. 2. 3. 3.
 2. 3. 3. 3. 3. 1. 2. 2. 3. 2. 3. 3. 3. 2. 3. 2. 3. 2. 3. 1. 3. 3. 2. 3.
 3. 3. 3. 3. 2. 3. 3. 2. 3. 3. 3. 3. 3. 3. 3. 2. 3. 2. 3. 2. 3. 3. 3. 3.
 2. 3. 1. 3. 2. 2. 2. 2. 2. 1. 3. 3. 2. 2. 3. 2. 3. 3. 1. 1. 3. 2. 3. 3.
 3. 3. 3. 3. 3. 3. 3. 3. 2. 3. 2. 3. 3. 3. 3. 2. 1. 3. 3. 3. 2. 2. 3. 1.
 2. 3. 3. 2. 3. 3. 2. 3. 3. 2. 3. 3. 3. 3. 2. 3. 2. 3. 2. 3. 3. 3. 3. 3.
 3. 3. 3. 2. 2. 2. 3. 3. 2. 3. 3. 3. 3. 3. 3. 3. 3. 1. 2. 2. 3. 2. 3. 3.
 3. 2. 3. 3. 3. 3. 3. 3. 2. 3. 3. 3. 2. 3. 3. 2. 2. 2. 3. 3. 3. 3. 3. 1.
 3. 1. 3. 2. 3. 1. 3. 2. 3. 3. 3. 3. 2. 2. 2. 3. 2. 3. 2. 3. 3. 2. 2. 3.
 3. 3. 3. 2. 3. 2. 2. 2. 2. 1. 3. 3. 3. 2. 3. 2. 3. 3. 2. 2. 3. 2. 3. 2.
 3. 3. 2. 3. 3. 3. 3. 3. 3. 2. 3. 3. 3. 2. 2. 3. 3. 3. 2. 3. 2. 3. 3. 3.
 3. 2. 3. 3. 3. 2. 1. 3. 3. 2. 3. 2. 3. 3. 3. 3. 3. 3. 3. 3. 3. 2. 3. 3.
 3. 3. 3. 3. 3. 3. 3. 3. 2. 3. 3. 2. 3. 2. 3. 1. 3. 3. 2. 3. 2. 3. 3. 3.
 2. 2. 2. 2. 3. 2. 3. 3. 3. 3. 3. 2. 3. 2. 3. 3. 3. 3. 3. 3. 2. 3. 2. 3.
 3. 3. 2. 2. 3. 3. 2. 3. 2. 3. 2. 2. 3. 3. 3. 3. 3. 2. 3. 3. 3. 3. 3. 2.
 3. 3. 2. 3. 2. 3. 2. 3. 3. 3. 3. 3. 2. 3. 2. 2. 3. 2. 3. 2. 2. 1. 3. 2.
 3. 2. 3. 3. 3. 3. 3. 3. 3. 2. 3. 2. 3. 2. 3. 3. 3. 3. 3. 3. 3. 3. 3. 3.
 2. 3. 3. 2. 3. 3. 3. 3. 2. 3. 2. 2. 3. 3. 3. 3. 2. 3. 3. 3. 2. 3. 3. 2.
 3. 3. 3. 2. 3. 2. 2. 3. 3. 3. 3. 3. 3. 3. 3. 2. 2. 3. 2. 2. 3. 2. 2. 2.
 2. 3. 2. 3. 2. 2. 3. 3. 3. 3. 3. 2. 3. 3. 3. 3. 3. 3. 3. 2. 3. 3. 2. 3.
 3. 1. 3. 3. 3. 2. 2. 3. 3. 3. 3. 3. 2. 3. 2. 2. 3. 3. 3. 3. 2. 3. 3. 3.
 3. 3. 3. 3. 3. 3. 3. 1. 3. 3. 2. 3. 3. 3. 3. 2. 3. 3. 2. 3. 3. 3. 2.]

nJets_200GeV:
WW:
336 events with <4 jets: [1. 3. 3. 2. 3. 3. 1. 2. 3. 3. 3. 3. 3. 3. 3. 3. 3. 3. 2. 3. 3. 2. 3. 3.
 3. 3. 3. 3. 3. 3. 3. 3. 3. 2. 3. 2. 3. 3. 2. 2. 3. 3. 3. 3. 2. 3. 3. 3.
 2. 2. 3. 3. 3. 2. 2. 3. 3. 3. 2. 3. 3. 3. 2. 3. 3. 2. 2. 2. 3. 3. 2. 3.
 3. 2. 3. 3. 2. 3. 2. 2. 3. 3. 2. 2. 3. 3. 2. 3. 3. 2. 3. 3. 3. 3. 3. 3.
 3. 3. 3. 2. 3. 2. 3. 3. 3. 3. 3. 3. 3. 3. 1. 3. 3. 3. 3. 3. 3. 2. 3. 3.
 3. 3. 2. 3. 2. 3. 3. 2. 3. 3. 3. 3. 3. 3. 3. 3. 3. 2. 3. 3. 3. 3. 3. 3.
 3. 2. 3. 3. 2. 2. 2. 3. 3. 3. 3. 3. 3. 3. 2. 3. 2. 3. 3. 3. 2. 3. 2. 2.
 3. 3. 3. 2. 3. 3. 3. 2. 1. 3. 3. 3. 3. 1. 3. 3. 3. 3. 2. 3. 3. 3. 2. 2.
 3. 3. 1. 3. 3. 2. 3. 3. 3. 3. 3. 3. 3. 2. 2. 3. 3. 3. 2. 3. 3. 3. 2. 3.
 2. 3. 3. 3. 3. 3. 3. 2. 3. 3. 3. 3. 3. 3. 3. 3. 3. 3. 3. 3. 3. 3. 3. 3.
 2. 3. 3. 3. 2. 3. 3. 2. 3. 2. 1. 2. 3. 3. 3. 3. 3. 2. 3. 2. 3. 3. 3. 3.
 3. 3. 2. 3. 3. 2. 3. 3. 2. 2. 3. 3. 2. 3. 2. 2. 2. 3. 3. 1. 3. 3. 3. 2.
 2. 3. 3. 3. 3. 2. 3. 3. 3. 3. 3. 2. 3. 3. 3. 3. 2. 3. 3. 3. 3. 2. 3. 3.
 2. 3. 3. 2. 3. 3. 3. 3. 3. 2. 3. 3. 3. 3. 3. 3. 3. 3. 3. 3. 3. 3. 3. 2.]
ZZ:
225 events with <4 jets: [2. 3. 2. 3. 3. 3. 3. 3. 3. 3. 2. 3. 3. 3. 3. 3. 2. 3. 3. 3. 3. 3. 1. 3.
 3. 3. 3. 3. 3. 3. 3. 3. 3. 2. 3. 2. 3. 2. 3. 3. 3. 3. 3. 3. 2. 2. 3. 3.
 2. 2. 3. 3. 2. 3. 2. 3. 3. 3. 3. 3. 2. 3. 3. 3. 2. 3. 3. 2. 3. 3. 3. 3.
 1. 3. 3. 3. 2. 2. 2. 3. 3. 2. 3. 3. 2. 2. 3. 2. 3. 3. 3. 2. 2. 3. 2. 3.
 3. 3. 2. 2. 2. 2. 3. 1. 3. 3. 3. 3. 3. 3. 2. 3. 2. 3. 3. 1. 3. 3. 3. 3.
 3. 3. 3. 3. 3. 3. 3. 3. 3. 3. 2. 3. 3. 3. 3. 2. 2. 2. 3. 3. 2. 3. 3. 3.
 2. 3. 3. 3. 3. 3. 3. 3. 3. 3. 2. 3. 3. 3. 2. 2. 3. 3. 3. 3. 3. 2. 3. 3.
 3. 3. 3. 3. 2. 3. 2. 3. 2. 3. 3. 2. 3. 2. 3. 2. 3. 2. 3. 3. 3. 2. 3. 2.
 3. 3. 3. 2. 3. 3. 2. 3. 3. 3. 3. 2. 2. 3. 2. 3. 2. 3. 3. 3. 3. 3. 3. 3.
 2. 3. 3. 3. 3. 2. 2. 2. 3.]
HH:
266 events with <4 jets: [3. 3. 3. 3. 3. 1. 3. 3. 3. 3. 3. 3. 2. 3. 1. 3. 3. 3. 2. 3. 3. 3. 2. 3.
 2. 2. 3. 3. 2. 2. 3. 2. 2. 3. 3. 3. 1. 3. 3. 3. 3. 2. 3. 2. 2. 3. 3. 2.
 2. 2. 3. 2. 1. 3. 1. 3. 3. 2. 2. 1. 3. 3. 2. 3. 3. 2. 1. 3. 2. 3. 2. 2.
 3. 3. 3. 3. 2. 3. 3. 3. 3. 3. 3. 3. 3. 3. 3. 3. 2. 3. 2. 1. 3. 3. 3. 3.
 2. 3. 3. 3. 2. 3. 3. 2. 2. 3. 3. 2. 3. 3. 2. 3. 2. 3. 2. 3. 3. 2. 1. 3.
 3. 3. 2. 3. 3. 3. 2. 3. 3. 3. 3. 2. 3. 3. 3. 1. 3. 3. 2. 3. 3. 3. 3. 1.
 3. 3. 3. 3. 3. 3. 3. 3. 3. 3. 2. 3. 3. 3. 3. 3. 2. 2. 2. 3. 3. 3. 3. 3.
 3. 3. 3. 3. 3. 3. 2. 3. 3. 3. 3. 3. 2. 2. 3. 3. 3. 3. 1. 3. 3. 3. 3. 2.
 2. 3. 2. 3. 2. 2. 3. 3. 2. 3. 3. 3. 2. 3. 3. 2. 3. 2. 2. 3. 3. 3. 2. 3.
 1. 3. 2. 3. 3. 3. 2. 3. 3. 1. 3. 2. 3. 3. 2. 3. 2. 3. 3. 2. 3. 2. 2. 3.
 1. 3. 3. 2. 3. 2. 3. 3. 3. 3. 2. 3. 2. 3. 3. 3. 3. 3. 2. 3. 3. 3. 2. 3.
 2. 3.]
TT:
1001 events with <4 jets: [3. 3. 3. ... 3. 1. 3.]
BB:
693 events with <4 jets: [3. 3. 3. 2. 3. 3. 3. 3. 3. 3. 2. 3. 2. 3. 2. 3. 3. 3. 3. 1. 3. 3. 1. 1.
 3. 3. 3. 3. 2. 2. 3. 3. 3. 2. 3. 3. 3. 1. 3. 3. 2. 2. 3. 3. 3. 2. 3. 3.
 3. 3. 2. 2. 3. 3. 3. 2. 2. 3. 3. 3. 3. 3. 3. 3. 2. 3. 3. 1. 3. 3. 2. 3.
 3. 2. 3. 3. 2. 3. 3. 3. 3. 3. 3. 3. 3. 3. 3. 3. 3. 3. 3. 3. 3. 2. 3. 3.
 3. 1. 2. 3. 3. 3. 3. 3. 3. 3. 2. 3. 3. 2. 3. 3. 3. 3. 3. 3. 3. 2. 3. 3.
 2. 3. 2. 2. 3. 3. 3. 3. 2. 3. 3. 3. 1. 3. 3. 3. 2. 3. 1. 2. 3. 3. 3. 2.
 2. 3. 2. 3. 3. 2. 2. 3. 3. 3. 1. 3. 3. 3. 2. 2. 2. 2. 2. 3. 3. 3. 2. 2.
 3. 3. 2. 3. 3. 2. 2. 3. 3. 3. 2. 3. 2. 2. 3. 3. 3. 3. 2. 3. 3. 3. 2. 3.
 3. 3. 3. 3. 3. 3. 2. 3. 1. 2. 2. 3. 2. 3. 2. 3. 2. 3. 2. 2. 3. 3. 2. 2.
 3. 3. 3. 3. 2. 3. 2. 3. 3. 2. 3. 2. 2. 1. 3. 3. 3. 3. 3. 3. 3. 3. 3. 3.
 3. 2. 3. 3. 3. 3. 3. 3. 3. 3. 3. 2. 2. 3. 3. 3. 3. 1. 3. 3. 3. 1. 3. 3.
 3. 2. 3. 3. 3. 3. 1. 3. 2. 3. 2. 3. 3. 2. 3. 3. 1. 3. 3. 3. 3. 3. 3. 3.
 3. 3. 3. 3. 2. 2. 3. 3. 3. 3. 2. 2. 3. 3. 3. 3. 3. 2. 3. 3. 3. 3. 3. 2.
 3. 3. 3. 3. 2. 2. 2. 2. 3. 3. 2. 3. 2. 2. 2. 2. 3. 3. 3. 3. 3. 2. 2. 3.
 2. 3. 3. 2. 2. 2. 3. 3. 2. 3. 3. 3. 3. 3. 3. 2. 3. 2. 2. 2. 3. 3. 3. 2.
 2. 3. 3. 2. 2. 3. 3. 3. 3. 3. 2. 2. 3. 3. 3. 3. 3. 3. 2. 3. 3. 3. 2. 3.
 2. 3. 3. 3. 3. 2. 3. 3. 3. 3. 3. 3. 2. 1. 3. 3. 2. 3. 3. 3. 2. 3. 3. 1.
 3. 2. 3. 3. 3. 3. 3. 2. 2. 3. 1. 3. 2. 3. 2. 2. 2. 3. 2. 3. 2. 2. 2. 1.
 2. 3. 3. 3. 3. 3. 2. 2. 2. 3. 2. 3. 3. 3. 3. 3. 3. 3. 3. 3. 3. 3. 3. 3.
 2. 3. 3. 1. 3. 1. 2. 3. 2. 1. 3. 2. 2. 2. 3. 3. 3. 3. 3. 2. 3. 3. 3. 3.
 3. 1. 2. 3. 2. 3. 2. 2. 3. 3. 3. 2. 3. 3. 3. 3. 2. 2. 2. 3. 2. 3. 3. 2.
 2. 3. 3. 2. 3. 3. 3. 3. 3. 3. 3. 3. 3. 3. 3. 3. 3. 3. 2. 3. 2. 3. 2. 3.
 2. 3. 3. 3. 3. 2. 2. 3. 3. 3. 3. 3. 3. 3. 3. 2. 3. 2. 3. 3. 3. 3. 3. 3.
 2. 2. 3. 3. 2. 3. 2. 3. 3. 3. 3. 3. 3. 1. 3. 3. 3. 3. 1. 3. 3. 2. 3. 3.
 2. 2. 3. 3. 3. 3. 1. 3. 3. 2. 2. 2. 3. 2. 3. 2. 3. 3. 3. 3. 2. 3. 1. 3.
 3. 3. 2. 1. 3. 2. 2. 3. 3. 3. 2. 3. 3. 2. 3. 3. 3. 3. 3. 2. 3. 3. 3. 3.
 3. 3. 3. 3. 3. 3. 3. 3. 2. 3. 3. 2. 3. 3. 3. 3. 2. 3. 3. 2. 3. 2. 3. 3.
 3. 3. 3. 1. 2. 2. 3. 3. 3. 1. 3. 3. 3. 3. 2. 3. 3. 2. 2. 2. 3. 3. 2. 2.
 3. 3. 2. 2. 3. 3. 2. 3. 3. 2. 3. 2. 1. 3. 3. 3. 3. 2. 3. 2. 2.]
QCD:
575 events with <4 jets: [3. 3. 3. 3. 2. 3. 2. 3. 2. 1. 3. 1. 3. 3. 3. 2. 2. 3. 3. 3. 3. 3. 3. 3.
 3. 3. 3. 3. 3. 3. 3. 3. 2. 2. 2. 2. 3. 3. 3. 2. 2. 3. 3. 3. 3. 2. 3. 3.
 3. 3. 1. 2. 3. 3. 2. 3. 3. 3. 3. 2. 3. 3. 2. 3. 3. 3. 2. 1. 3. 2. 3. 3.
 2. 3. 3. 3. 3. 1. 2. 2. 3. 2. 3. 3. 3. 2. 3. 2. 3. 2. 3. 1. 3. 3. 2. 3.
 3. 3. 3. 3. 2. 3. 3. 2. 3. 3. 3. 3. 3. 3. 3. 2. 3. 2. 3. 2. 3. 3. 3. 3.
 2. 3. 1. 3. 2. 2. 2. 2. 2. 1. 3. 3. 2. 2. 3. 2. 3. 3. 1. 1. 3. 2. 3. 3.
 3. 3. 3. 3. 3. 3. 3. 3. 2. 3. 2. 3. 3. 3. 3. 2. 1. 3. 3. 3. 2. 2. 3. 1.
 2. 3. 3. 2. 3. 3. 2. 3. 3. 2. 3. 3. 3. 3. 2. 3. 2. 3. 2. 3. 3. 3. 3. 3.
 3. 3. 3. 2. 2. 2. 3. 3. 2. 3. 3. 3. 3. 3. 3. 3. 3. 1. 2. 2. 3. 2. 3. 3.
 3. 2. 3. 3. 3. 3. 3. 3. 2. 3. 3. 3. 2. 3. 3. 2. 2. 2. 3. 3. 3. 3. 3. 1.
 3. 1. 3. 2. 3. 1. 3. 2. 3. 3. 3. 3. 2. 2. 2. 3. 2. 3. 2. 3. 3. 2. 2. 3.
 3. 3. 3. 2. 3. 2. 2. 2. 2. 1. 3. 3. 3. 2. 3. 2. 3. 3. 2. 2. 3. 2. 3. 2.
 3. 3. 2. 3. 3. 3. 3. 3. 3. 2. 3. 3. 3. 2. 2. 3. 3. 3. 2. 3. 2. 3. 3. 3.
 3. 2. 3. 3. 3. 2. 1. 3. 3. 2. 3. 2. 3. 3. 3. 3. 3. 3. 3. 3. 3. 2. 3. 3.
 3. 3. 3. 3. 3. 3. 3. 3. 2. 3. 3. 2. 3. 2. 3. 1. 3. 3. 2. 3. 2. 3. 3. 3.
 2. 2. 2. 2. 3. 2. 3. 3. 3. 3. 3. 2. 3. 2. 3. 3. 3. 3. 3. 3. 2. 3. 2. 3.
 3. 3. 2. 2. 3. 3. 2. 3. 2. 3. 2. 2. 3. 3. 3. 3. 3. 2. 3. 3. 3. 3. 3. 2.
 3. 3. 2. 3. 2. 3. 2. 3. 3. 3. 3. 3. 2. 3. 2. 2. 3. 2. 3. 2. 2. 1. 3. 2.
 3. 2. 3. 3. 3. 3. 3. 3. 3. 2. 3. 2. 3. 2. 3. 3. 3. 3. 3. 3. 3. 3. 3. 3.
 2. 3. 3. 2. 3. 3. 3. 3. 2. 3. 2. 2. 3. 3. 3. 3. 2. 3. 3. 3. 2. 3. 3. 2.
 3. 3. 3. 2. 3. 2. 2. 3. 3. 3. 3. 3. 3. 3. 3. 2. 2. 3. 2. 2. 3. 2. 2. 2.
 2. 3. 2. 3. 2. 2. 3. 3. 3. 3. 3. 2. 3. 3. 3. 3. 3. 3. 3. 2. 3. 3. 2. 3.
 3. 1. 3. 3. 3. 2. 2. 3. 3. 3. 3. 3. 2. 3. 2. 2. 3. 3. 3. 3. 2. 3. 3. 3.
 3. 3. 3. 3. 3. 3. 3. 1. 3. 3. 2. 3. 3. 3. 3. 2. 3. 3. 2. 3. 3. 3. 2.]

nJets_250GeV:
WW:
336 events with <4 jets: [1. 3. 3. 2. 3. 3. 1. 2. 3. 3. 3. 3. 3. 3. 3. 3. 3. 3. 2. 3. 3. 2. 3. 3.
 3. 3. 3. 3. 3. 3. 3. 3. 3. 2. 3. 2. 3. 3. 2. 2. 3. 3. 3. 3. 2. 3. 3. 3.
 2. 2. 3. 3. 3. 2. 2. 3. 3. 3. 2. 3. 3. 3. 2. 3. 3. 2. 2. 2. 3. 3. 2. 3.
 3. 2. 3. 3. 2. 3. 2. 2. 3. 3. 2. 2. 3. 3. 2. 3. 3. 2. 3. 3. 3. 3. 3. 3.
 3. 3. 3. 2. 3. 2. 3. 3. 3. 3. 3. 3. 3. 3. 1. 3. 3. 3. 3. 3. 3. 2. 3. 3.
 3. 3. 2. 3. 2. 3. 3. 2. 3. 3. 3. 3. 3. 3. 3. 3. 3. 2. 3. 3. 3. 3. 3. 3.
 3. 2. 3. 3. 2. 2. 2. 3. 3. 3. 3. 3. 3. 3. 2. 3. 2. 3. 3. 3. 2. 3. 2. 2.
 3. 3. 3. 2. 3. 3. 3. 2. 1. 3. 3. 3. 3. 1. 3. 3. 3. 3. 2. 3. 3. 3. 2. 2.
 3. 3. 1. 3. 3. 2. 3. 3. 3. 3. 3. 3. 3. 2. 2. 3. 3. 3. 2. 3. 3. 3. 2. 3.
 2. 3. 3. 3. 3. 3. 3. 2. 3. 3. 3. 3. 3. 3. 3. 3. 3. 3. 3. 3. 3. 3. 3. 3.
 2. 3. 3. 3. 2. 3. 3. 2. 3. 2. 1. 2. 3. 3. 3. 3. 3. 2. 3. 2. 3. 3. 3. 3.
 3. 3. 2. 3. 3. 2. 3. 3. 2. 2. 3. 3. 2. 3. 2. 2. 2. 3. 3. 1. 3. 3. 3. 2.
 2. 3. 3. 3. 3. 2. 3. 3. 3. 3. 3. 2. 3. 3. 3. 3. 2. 3. 3. 3. 3. 2. 3. 3.
 2. 3. 3. 2. 3. 3. 3. 3. 3. 2. 3. 3. 3. 3. 3. 3. 3. 3. 3. 3. 3. 3. 3. 2.]
ZZ:
225 events with <4 jets: [2. 3. 2. 3. 3. 3. 3. 3. 3. 3. 2. 3. 3. 3. 3. 3. 2. 3. 3. 3. 3. 3. 1. 3.
 3. 3. 3. 3. 3. 3. 3. 3. 3. 2. 3. 2. 3. 2. 3. 3. 3. 3. 3. 3. 2. 2. 3. 3.
 2. 2. 3. 3. 2. 3. 2. 3. 3. 3. 3. 3. 2. 3. 3. 3. 2. 3. 3. 2. 3. 3. 3. 3.
 1. 3. 3. 3. 2. 2. 2. 3. 3. 2. 3. 3. 2. 2. 3. 2. 3. 3. 3. 2. 2. 3. 2. 3.
 3. 3. 2. 2. 2. 2. 3. 1. 3. 3. 3. 3. 3. 3. 2. 3. 2. 3. 3. 1. 3. 3. 3. 3.
 3. 3. 3. 3. 3. 3. 3. 3. 3. 3. 2. 3. 3. 3. 3. 2. 2. 2. 3. 3. 2. 3. 3. 3.
 2. 3. 3. 3. 3. 3. 3. 3. 3. 3. 2. 3. 3. 3. 2. 2. 3. 3. 3. 3. 3. 2. 3. 3.
 3. 3. 3. 3. 2. 3. 2. 3. 2. 3. 3. 2. 3. 2. 3. 2. 3. 2. 3. 3. 3. 2. 3. 2.
 3. 3. 3. 2. 3. 3. 2. 3. 3. 3. 3. 2. 2. 3. 2. 3. 2. 3. 3. 3. 3. 3. 3. 3.
 2. 3. 3. 3. 3. 2. 2. 2. 3.]
HH:
266 events with <4 jets: [3. 3. 3. 3. 3. 1. 3. 3. 3. 3. 3. 3. 2. 3. 1. 3. 3. 3. 2. 3. 3. 3. 2. 3.
 2. 2. 3. 3. 2. 2. 3. 2. 2. 3. 3. 3. 1. 3. 3. 3. 3. 2. 3. 2. 2. 3. 3. 2.
 2. 2. 3. 2. 1. 3. 1. 3. 3. 2. 2. 1. 3. 3. 2. 3. 3. 2. 1. 3. 2. 3. 2. 2.
 3. 3. 3. 3. 2. 3. 3. 3. 3. 3. 3. 3. 3. 3. 3. 3. 2. 3. 2. 1. 3. 3. 3. 3.
 2. 3. 3. 3. 2. 3. 3. 2. 2. 3. 3. 2. 3. 3. 2. 3. 2. 3. 2. 3. 3. 2. 1. 3.
 3. 3. 2. 3. 3. 3. 2. 3. 3. 3. 3. 2. 3. 3. 3. 1. 3. 3. 2. 3. 3. 3. 3. 1.
 3. 3. 3. 3. 3. 3. 3. 3. 3. 3. 2. 3. 3. 3. 3. 3. 2. 2. 2. 3. 3. 3. 3. 3.
 3. 3. 3. 3. 3. 3. 2. 3. 3. 3. 3. 3. 2. 2. 3. 3. 3. 3. 1. 3. 3. 3. 3. 2.
 2. 3. 2. 3. 2. 2. 3. 3. 2. 3. 3. 3. 2. 3. 3. 2. 3. 2. 2. 3. 3. 3. 2. 3.
 1. 3. 2. 3. 3. 3. 2. 3. 3. 1. 3. 2. 3. 3. 2. 3. 2. 3. 3. 2. 3. 2. 2. 3.
 1. 3. 3. 2. 3. 2. 3. 3. 3. 3. 2. 3. 2. 3. 3. 3. 3. 3. 2. 3. 3. 3. 2. 3.
 2. 3.]
TT:
1001 events with <4 jets: [3. 3. 3. ... 3. 1. 3.]
BB:
693 events with <4 jets: [3. 3. 3. 2. 3. 3. 3. 3. 3. 3. 2. 3. 2. 3. 2. 3. 3. 3. 3. 1. 3. 3. 1. 1.
 3. 3. 3. 3. 2. 2. 3. 3. 3. 2. 3. 3. 3. 1. 3. 3. 2. 2. 3. 3. 3. 2. 3. 3.
 3. 3. 2. 2. 3. 3. 3. 2. 2. 3. 3. 3. 3. 3. 3. 3. 2. 3. 3. 1. 3. 3. 2. 3.
 3. 2. 3. 3. 2. 3. 3. 3. 3. 3. 3. 3. 3. 3. 3. 3. 3. 3. 3. 3. 3. 2. 3. 3.
 3. 1. 2. 3. 3. 3. 3. 3. 3. 3. 2. 3. 3. 2. 3. 3. 3. 3. 3. 3. 3. 2. 3. 3.
 2. 3. 2. 2. 3. 3. 3. 3. 2. 3. 3. 3. 1. 3. 3. 3. 2. 3. 1. 2. 3. 3. 3. 2.
 2. 3. 2. 3. 3. 2. 2. 3. 3. 3. 1. 3. 3. 3. 2. 2. 2. 2. 2. 3. 3. 3. 2. 2.
 3. 3. 2. 3. 3. 2. 2. 3. 3. 3. 2. 3. 2. 2. 3. 3. 3. 3. 2. 3. 3. 3. 2. 3.
 3. 3. 3. 3. 3. 3. 2. 3. 1. 2. 2. 3. 2. 3. 2. 3. 2. 3. 2. 2. 3. 3. 2. 2.
 3. 3. 3. 3. 2. 3. 2. 3. 3. 2. 3. 2. 2. 1. 3. 3. 3. 3. 3. 3. 3. 3. 3. 3.
 3. 2. 3. 3. 3. 3. 3. 3. 3. 3. 3. 2. 2. 3. 3. 3. 3. 1. 3. 3. 3. 1. 3. 3.
 3. 2. 3. 3. 3. 3. 1. 3. 2. 3. 2. 3. 3. 2. 3. 3. 1. 3. 3. 3. 3. 3. 3. 3.
 3. 3. 3. 3. 2. 2. 3. 3. 3. 3. 2. 2. 3. 3. 3. 3. 3. 2. 3. 3. 3. 3. 3. 2.
 3. 3. 3. 3. 2. 2. 2. 2. 3. 3. 2. 3. 2. 2. 2. 2. 3. 3. 3. 3. 3. 2. 2. 3.
 2. 3. 3. 2. 2. 2. 3. 3. 2. 3. 3. 3. 3. 3. 3. 2. 3. 2. 2. 2. 3. 3. 3. 2.
 2. 3. 3. 2. 2. 3. 3. 3. 3. 3. 2. 2. 3. 3. 3. 3. 3. 3. 2. 3. 3. 3. 2. 3.
 2. 3. 3. 3. 3. 2. 3. 3. 3. 3. 3. 3. 2. 1. 3. 3. 2. 3. 3. 3. 2. 3. 3. 1.
 3. 2. 3. 3. 3. 3. 3. 2. 2. 3. 1. 3. 2. 3. 2. 2. 2. 3. 2. 3. 2. 2. 2. 1.
 2. 3. 3. 3. 3. 3. 2. 2. 2. 3. 2. 3. 3. 3. 3. 3. 3. 3. 3. 3. 3. 3. 3. 3.
 2. 3. 3. 1. 3. 1. 2. 3. 2. 1. 3. 2. 2. 2. 3. 3. 3. 3. 3. 2. 3. 3. 3. 3.
 3. 1. 2. 3. 2. 3. 2. 2. 3. 3. 3. 2. 3. 3. 3. 3. 2. 2. 2. 3. 2. 3. 3. 2.
 2. 3. 3. 2. 3. 3. 3. 3. 3. 3. 3. 3. 3. 3. 3. 3. 3. 3. 2. 3. 2. 3. 2. 3.
 2. 3. 3. 3. 3. 2. 2. 3. 3. 3. 3. 3. 3. 3. 3. 2. 3. 2. 3. 3. 3. 3. 3. 3.
 2. 2. 3. 3. 2. 3. 2. 3. 3. 3. 3. 3. 3. 1. 3. 3. 3. 3. 1. 3. 3. 2. 3. 3.
 2. 2. 3. 3. 3. 3. 1. 3. 3. 2. 2. 2. 3. 2. 3. 2. 3. 3. 3. 3. 2. 3. 1. 3.
 3. 3. 2. 1. 3. 2. 2. 3. 3. 3. 2. 3. 3. 2. 3. 3. 3. 3. 3. 2. 3. 3. 3. 3.
 3. 3. 3. 3. 3. 3. 3. 3. 2. 3. 3. 2. 3. 3. 3. 3. 2. 3. 3. 2. 3. 2. 3. 3.
 3. 3. 3. 1. 2. 2. 3. 3. 3. 1. 3. 3. 3. 3. 2. 3. 3. 2. 2. 2. 3. 3. 2. 2.
 3. 3. 2. 2. 3. 3. 2. 3. 3. 2. 3. 2. 1. 3. 3. 3. 3. 2. 3. 2. 2.]
QCD:
575 events with <4 jets: [3. 3. 3. 3. 2. 3. 2. 3. 2. 1. 3. 1. 3. 3. 3. 2. 2. 3. 3. 3. 3. 3. 3. 3.
 3. 3. 3. 3. 3. 3. 3. 3. 2. 2. 2. 2. 3. 3. 3. 2. 2. 3. 3. 3. 3. 2. 3. 3.
 3. 3. 1. 2. 3. 3. 2. 3. 3. 3. 3. 2. 3. 3. 2. 3. 3. 3. 2. 1. 3. 2. 3. 3.
 2. 3. 3. 3. 3. 1. 2. 2. 3. 2. 3. 3. 3. 2. 3. 2. 3. 2. 3. 1. 3. 3. 2. 3.
 3. 3. 3. 3. 2. 3. 3. 2. 3. 3. 3. 3. 3. 3. 3. 2. 3. 2. 3. 2. 3. 3. 3. 3.
 2. 3. 1. 3. 2. 2. 2. 2. 2. 1. 3. 3. 2. 2. 3. 2. 3. 3. 1. 1. 3. 2. 3. 3.
 3. 3. 3. 3. 3. 3. 3. 3. 2. 3. 2. 3. 3. 3. 3. 2. 1. 3. 3. 3. 2. 2. 3. 1.
 2. 3. 3. 2. 3. 3. 2. 3. 3. 2. 3. 3. 3. 3. 2. 3. 2. 3. 2. 3. 3. 3. 3. 3.
 3. 3. 3. 2. 2. 2. 3. 3. 2. 3. 3. 3. 3. 3. 3. 3. 3. 1. 2. 2. 3. 2. 3. 3.
 3. 2. 3. 3. 3. 3. 3. 3. 2. 3. 3. 3. 2. 3. 3. 2. 2. 2. 3. 3. 3. 3. 3. 1.
 3. 1. 3. 2. 3. 1. 3. 2. 3. 3. 3. 3. 2. 2. 2. 3. 2. 3. 2. 3. 3. 2. 2. 3.
 3. 3. 3. 2. 3. 2. 2. 2. 2. 1. 3. 3. 3. 2. 3. 2. 3. 3. 2. 2. 3. 2. 3. 2.
 3. 3. 2. 3. 3. 3. 3. 3. 3. 2. 3. 3. 3. 2. 2. 3. 3. 3. 2. 3. 2. 3. 3. 3.
 3. 2. 3. 3. 3. 2. 1. 3. 3. 2. 3. 2. 3. 3. 3. 3. 3. 3. 3. 3. 3. 2. 3. 3.
 3. 3. 3. 3. 3. 3. 3. 3. 2. 3. 3. 2. 3. 2. 3. 1. 3. 3. 2. 3. 2. 3. 3. 3.
 2. 2. 2. 2. 3. 2. 3. 3. 3. 3. 3. 2. 3. 2. 3. 3. 3. 3. 3. 3. 2. 3. 2. 3.
 3. 3. 2. 2. 3. 3. 2. 3. 2. 3. 2. 2. 3. 3. 3. 3. 3. 2. 3. 3. 3. 3. 3. 2.
 3. 3. 2. 3. 2. 3. 2. 3. 3. 3. 3. 3. 2. 3. 2. 2. 3. 2. 3. 2. 2. 1. 3. 2.
 3. 2. 3. 3. 3. 3. 3. 3. 3. 2. 3. 2. 3. 2. 3. 3. 3. 3. 3. 3. 3. 3. 3. 3.
 2. 3. 3. 2. 3. 3. 3. 3. 2. 3. 2. 2. 3. 3. 3. 3. 2. 3. 3. 3. 2. 3. 3. 2.
 3. 3. 3. 2. 3. 2. 2. 3. 3. 3. 3. 3. 3. 3. 3. 2. 2. 3. 2. 2. 3. 2. 2. 2.
 2. 3. 2. 3. 2. 2. 3. 3. 3. 3. 3. 2. 3. 3. 3. 3. 3. 3. 3. 2. 3. 3. 2. 3.
 3. 1. 3. 3. 3. 2. 2. 3. 3. 3. 3. 3. 2. 3. 2. 2. 3. 3. 3. 3. 2. 3. 3. 3.
 3. 3. 3. 3. 3. 3. 3. 1. 3. 3. 2. 3. 3. 3. 3. 2. 3. 3. 2. 3. 3. 3. 2.]

nJets_300GeV:
WW:
336 events with <4 jets: [1. 3. 3. 2. 3. 3. 1. 2. 3. 3. 3. 3. 3. 3. 3. 3. 3. 3. 2. 3. 3. 2. 3. 3.
 3. 3. 3. 3. 3. 3. 3. 3. 3. 2. 3. 2. 3. 3. 2. 2. 3. 3. 3. 3. 2. 3. 3. 3.
 2. 2. 3. 3. 3. 2. 2. 3. 3. 3. 2. 3. 3. 3. 2. 3. 3. 2. 2. 2. 3. 3. 2. 3.
 3. 2. 3. 3. 2. 3. 2. 2. 3. 3. 2. 2. 3. 3. 2. 3. 3. 2. 3. 3. 3. 3. 3. 3.
 3. 3. 3. 2. 3. 2. 3. 3. 3. 3. 3. 3. 3. 3. 1. 3. 3. 3. 3. 3. 3. 2. 3. 3.
 3. 3. 2. 3. 2. 3. 3. 2. 3. 3. 3. 3. 3. 3. 3. 3. 3. 2. 3. 3. 3. 3. 3. 3.
 3. 2. 3. 3. 2. 2. 2. 3. 3. 3. 3. 3. 3. 3. 2. 3. 2. 3. 3. 3. 2. 3. 2. 2.
 3. 3. 3. 2. 3. 3. 3. 2. 1. 3. 3. 3. 3. 1. 3. 3. 3. 3. 2. 3. 3. 3. 2. 2.
 3. 3. 1. 3. 3. 2. 3. 3. 3. 3. 3. 3. 3. 2. 2. 3. 3. 3. 2. 3. 3. 3. 2. 3.
 2. 3. 3. 3. 3. 3. 3. 2. 3. 3. 3. 3. 3. 3. 3. 3. 3. 3. 3. 3. 3. 3. 3. 3.
 2. 3. 3. 3. 2. 3. 3. 2. 3. 2. 1. 2. 3. 3. 3. 3. 3. 2. 3. 2. 3. 3. 3. 3.
 3. 3. 2. 3. 3. 2. 3. 3. 2. 2. 3. 3. 2. 3. 2. 2. 2. 3. 3. 1. 3. 3. 3. 2.
 2. 3. 3. 3. 3. 2. 3. 3. 3. 3. 3. 2. 3. 3. 3. 3. 2. 3. 3. 3. 3. 2. 3. 3.
 2. 3. 3. 2. 3. 3. 3. 3. 3. 2. 3. 3. 3. 3. 3. 3. 3. 3. 3. 3. 3. 3. 3. 2.]
ZZ:
225 events with <4 jets: [2. 3. 2. 3. 3. 3. 3. 3. 3. 3. 2. 3. 3. 3. 3. 3. 2. 3. 3. 3. 3. 3. 1. 3.
 3. 3. 3. 3. 3. 3. 3. 3. 3. 2. 3. 2. 3. 2. 3. 3. 3. 3. 3. 3. 2. 2. 3. 3.
 2. 2. 3. 3. 2. 3. 2. 3. 3. 3. 3. 3. 2. 3. 3. 3. 2. 3. 3. 2. 3. 3. 3. 3.
 1. 3. 3. 3. 2. 2. 2. 3. 3. 2. 3. 3. 2. 2. 3. 2. 3. 3. 3. 2. 2. 3. 2. 3.
 3. 3. 2. 2. 2. 2. 3. 1. 3. 3. 3. 3. 3. 3. 2. 3. 2. 3. 3. 1. 3. 3. 3. 3.
 3. 3. 3. 3. 3. 3. 3. 3. 3. 3. 2. 3. 3. 3. 3. 2. 2. 2. 3. 3. 2. 3. 3. 3.
 2. 3. 3. 3. 3. 3. 3. 3. 3. 3. 2. 3. 3. 3. 2. 2. 3. 3. 3. 3. 3. 2. 3. 3.
 3. 3. 3. 3. 2. 3. 2. 3. 2. 3. 3. 2. 3. 2. 3. 2. 3. 2. 3. 3. 3. 2. 3. 2.
 3. 3. 3. 2. 3. 3. 2. 3. 3. 3. 3. 2. 2. 3. 2. 3. 2. 3. 3. 3. 3. 3. 3. 3.
 2. 3. 3. 3. 3. 2. 2. 2. 3.]
HH:
266 events with <4 jets: [3. 3. 3. 3. 3. 1. 3. 3. 3. 3. 3. 3. 2. 3. 1. 3. 3. 3. 2. 3. 3. 3. 2. 3.
 2. 2. 3. 3. 2. 2. 3. 2. 2. 3. 3. 3. 1. 3. 3. 3. 3. 2. 3. 2. 2. 3. 3. 2.
 2. 2. 3. 2. 1. 3. 1. 3. 3. 2. 2. 1. 3. 3. 2. 3. 3. 2. 1. 3. 2. 3. 2. 2.
 3. 3. 3. 3. 2. 3. 3. 3. 3. 3. 3. 3. 3. 3. 3. 3. 2. 3. 2. 1. 3. 3. 3. 3.
 2. 3. 3. 3. 2. 3. 3. 2. 2. 3. 3. 2. 3. 3. 2. 3. 2. 3. 2. 3. 3. 2. 1. 3.
 3. 3. 2. 3. 3. 3. 2. 3. 3. 3. 3. 2. 3. 3. 3. 1. 3. 3. 2. 3. 3. 3. 3. 1.
 3. 3. 3. 3. 3. 3. 3. 3. 3. 3. 2. 3. 3. 3. 3. 3. 2. 2. 2. 3. 3. 3. 3. 3.
 3. 3. 3. 3. 3. 3. 2. 3. 3. 3. 3. 3. 2. 2. 3. 3. 3. 3. 1. 3. 3. 3. 3. 2.
 2. 3. 2. 3. 2. 2. 3. 3. 2. 3. 3. 3. 2. 3. 3. 2. 3. 2. 2. 3. 3. 3. 2. 3.
 1. 3. 2. 3. 3. 3. 2. 3. 3. 1. 3. 2. 3. 3. 2. 3. 2. 3. 3. 2. 3. 2. 2. 3.
 1. 3. 3. 2. 3. 2. 3. 3. 3. 3. 2. 3. 2. 3. 3. 3. 3. 3. 2. 3. 3. 3. 2. 3.
 2. 3.]
TT:
1001 events with <4 jets: [3. 3. 3. ... 3. 1. 3.]
BB:
693 events with <4 jets: [3. 3. 3. 2. 3. 3. 3. 3. 3. 3. 2. 3. 2. 3. 2. 3. 3. 3. 3. 1. 3. 3. 1. 1.
 3. 3. 3. 3. 2. 2. 3. 3. 3. 2. 3. 3. 3. 1. 3. 3. 2. 2. 3. 3. 3. 2. 3. 3.
 3. 3. 2. 2. 3. 3. 3. 2. 2. 3. 3. 3. 3. 3. 3. 3. 2. 3. 3. 1. 3. 3. 2. 3.
 3. 2. 3. 3. 2. 3. 3. 3. 3. 3. 3. 3. 3. 3. 3. 3. 3. 3. 3. 3. 3. 2. 3. 3.
 3. 1. 2. 3. 3. 3. 3. 3. 3. 3. 2. 3. 3. 2. 3. 3. 3. 3. 3. 3. 3. 2. 3. 3.
 2. 3. 2. 2. 3. 3. 3. 3. 2. 3. 3. 3. 1. 3. 3. 3. 2. 3. 1. 2. 3. 3. 3. 2.
 2. 3. 2. 3. 3. 2. 2. 3. 3. 3. 1. 3. 3. 3. 2. 2. 2. 2. 2. 3. 3. 3. 2. 2.
 3. 3. 2. 3. 3. 2. 2. 3. 3. 3. 2. 3. 2. 2. 3. 3. 3. 3. 2. 3. 3. 3. 2. 3.
 3. 3. 3. 3. 3. 3. 2. 3. 1. 2. 2. 3. 2. 3. 2. 3. 2. 3. 2. 2. 3. 3. 2. 2.
 3. 3. 3. 3. 2. 3. 2. 3. 3. 2. 3. 2. 2. 1. 3. 3. 3. 3. 3. 3. 3. 3. 3. 3.
 3. 2. 3. 3. 3. 3. 3. 3. 3. 3. 3. 2. 2. 3. 3. 3. 3. 1. 3. 3. 3. 1. 3. 3.
 3. 2. 3. 3. 3. 3. 1. 3. 2. 3. 2. 3. 3. 2. 3. 3. 1. 3. 3. 3. 3. 3. 3. 3.
 3. 3. 3. 3. 2. 2. 3. 3. 3. 3. 2. 2. 3. 3. 3. 3. 3. 2. 3. 3. 3. 3. 3. 2.
 3. 3. 3. 3. 2. 2. 2. 2. 3. 3. 2. 3. 2. 2. 2. 2. 3. 3. 3. 3. 3. 2. 2. 3.
 2. 3. 3. 2. 2. 2. 3. 3. 2. 3. 3. 3. 3. 3. 3. 2. 3. 2. 2. 2. 3. 3. 3. 2.
 2. 3. 3. 2. 2. 3. 3. 3. 3. 3. 2. 2. 3. 3. 3. 3. 3. 3. 2. 3. 3. 3. 2. 3.
 2. 3. 3. 3. 3. 2. 3. 3. 3. 3. 3. 3. 2. 1. 3. 3. 2. 3. 3. 3. 2. 3. 3. 1.
 3. 2. 3. 3. 3. 3. 3. 2. 2. 3. 1. 3. 2. 3. 2. 2. 2. 3. 2. 3. 2. 2. 2. 1.
 2. 3. 3. 3. 3. 3. 2. 2. 2. 3. 2. 3. 3. 3. 3. 3. 3. 3. 3. 3. 3. 3. 3. 3.
 2. 3. 3. 1. 3. 1. 2. 3. 2. 1. 3. 2. 2. 2. 3. 3. 3. 3. 3. 2. 3. 3. 3. 3.
 3. 1. 2. 3. 2. 3. 2. 2. 3. 3. 3. 2. 3. 3. 3. 3. 2. 2. 2. 3. 2. 3. 3. 2.
 2. 3. 3. 2. 3. 3. 3. 3. 3. 3. 3. 3. 3. 3. 3. 3. 3. 3. 2. 3. 2. 3. 2. 3.
 2. 3. 3. 3. 3. 2. 2. 3. 3. 3. 3. 3. 3. 3. 3. 2. 3. 2. 3. 3. 3. 3. 3. 3.
 2. 2. 3. 3. 2. 3. 2. 3. 3. 3. 3. 3. 3. 1. 3. 3. 3. 3. 1. 3. 3. 2. 3. 3.
 2. 2. 3. 3. 3. 3. 1. 3. 3. 2. 2. 2. 3. 2. 3. 2. 3. 3. 3. 3. 2. 3. 1. 3.
 3. 3. 2. 1. 3. 2. 2. 3. 3. 3. 2. 3. 3. 2. 3. 3. 3. 3. 3. 2. 3. 3. 3. 3.
 3. 3. 3. 3. 3. 3. 3. 3. 2. 3. 3. 2. 3. 3. 3. 3. 2. 3. 3. 2. 3. 2. 3. 3.
 3. 3. 3. 1. 2. 2. 3. 3. 3. 1. 3. 3. 3. 3. 2. 3. 3. 2. 2. 2. 3. 3. 2. 2.
 3. 3. 2. 2. 3. 3. 2. 3. 3. 2. 3. 2. 1. 3. 3. 3. 3. 2. 3. 2. 2.]
QCD:
575 events with <4 jets: [3. 3. 3. 3. 2. 3. 2. 3. 2. 1. 3. 1. 3. 3. 3. 2. 2. 3. 3. 3. 3. 3. 3. 3.
 3. 3. 3. 3. 3. 3. 3. 3. 2. 2. 2. 2. 3. 3. 3. 2. 2. 3. 3. 3. 3. 2. 3. 3.
 3. 3. 1. 2. 3. 3. 2. 3. 3. 3. 3. 2. 3. 3. 2. 3. 3. 3. 2. 1. 3. 2. 3. 3.
 2. 3. 3. 3. 3. 1. 2. 2. 3. 2. 3. 3. 3. 2. 3. 2. 3. 2. 3. 1. 3. 3. 2. 3.
 3. 3. 3. 3. 2. 3. 3. 2. 3. 3. 3. 3. 3. 3. 3. 2. 3. 2. 3. 2. 3. 3. 3. 3.
 2. 3. 1. 3. 2. 2. 2. 2. 2. 1. 3. 3. 2. 2. 3. 2. 3. 3. 1. 1. 3. 2. 3. 3.
 3. 3. 3. 3. 3. 3. 3. 3. 2. 3. 2. 3. 3. 3. 3. 2. 1. 3. 3. 3. 2. 2. 3. 1.
 2. 3. 3. 2. 3. 3. 2. 3. 3. 2. 3. 3. 3. 3. 2. 3. 2. 3. 2. 3. 3. 3. 3. 3.
 3. 3. 3. 2. 2. 2. 3. 3. 2. 3. 3. 3. 3. 3. 3. 3. 3. 1. 2. 2. 3. 2. 3. 3.
 3. 2. 3. 3. 3. 3. 3. 3. 2. 3. 3. 3. 2. 3. 3. 2. 2. 2. 3. 3. 3. 3. 3. 1.
 3. 1. 3. 2. 3. 1. 3. 2. 3. 3. 3. 3. 2. 2. 2. 3. 2. 3. 2. 3. 3. 2. 2. 3.
 3. 3. 3. 2. 3. 2. 2. 2. 2. 1. 3. 3. 3. 2. 3. 2. 3. 3. 2. 2. 3. 2. 3. 2.
 3. 3. 2. 3. 3. 3. 3. 3. 3. 2. 3. 3. 3. 2. 2. 3. 3. 3. 2. 3. 2. 3. 3. 3.
 3. 2. 3. 3. 3. 2. 1. 3. 3. 2. 3. 2. 3. 3. 3. 3. 3. 3. 3. 3. 3. 2. 3. 3.
 3. 3. 3. 3. 3. 3. 3. 3. 2. 3. 3. 2. 3. 2. 3. 1. 3. 3. 2. 3. 2. 3. 3. 3.
 2. 2. 2. 2. 3. 2. 3. 3. 3. 3. 3. 2. 3. 2. 3. 3. 3. 3. 3. 3. 2. 3. 2. 3.
 3. 3. 2. 2. 3. 3. 2. 3. 2. 3. 2. 2. 3. 3. 3. 3. 3. 2. 3. 3. 3. 3. 3. 2.
 3. 3. 2. 3. 2. 3. 2. 3. 3. 3. 3. 3. 2. 3. 2. 2. 3. 2. 3. 2. 2. 1. 3. 2.
 3. 2. 3. 3. 3. 3. 3. 3. 3. 2. 3. 2. 3. 2. 3. 3. 3. 3. 3. 3. 3. 3. 3. 3.
 2. 3. 3. 2. 3. 3. 3. 3. 2. 3. 2. 2. 3. 3. 3. 3. 2. 3. 3. 3. 2. 3. 3. 2.
 3. 3. 3. 2. 3. 2. 2. 3. 3. 3. 3. 3. 3. 3. 3. 2. 2. 3. 2. 2. 3. 2. 2. 2.
 2. 3. 2. 3. 2. 2. 3. 3. 3. 3. 3. 2. 3. 3. 3. 3. 3. 3. 3. 2. 3. 3. 2. 3.
 3. 1. 3. 3. 3. 2. 2. 3. 3. 3. 3. 3. 2. 3. 2. 2. 3. 3. 3. 3. 2. 3. 3. 3.
 3. 3. 3. 3. 3. 3. 3. 1. 3. 3. 2. 3. 3. 3. 3. 2. 3. 3. 2. 3. 3. 3. 2.]

nJets_350GeV:
WW:
336 events with <4 jets: [1. 3. 3. 2. 3. 3. 1. 2. 3. 3. 3. 3. 3. 3. 3. 3. 3. 3. 2. 3. 3. 2. 3. 3.
 3. 3. 3. 3. 3. 3. 3. 3. 3. 2. 3. 2. 3. 3. 2. 2. 3. 3. 3. 3. 2. 3. 3. 3.
 2. 2. 3. 3. 3. 2. 2. 3. 3. 3. 2. 3. 3. 3. 2. 3. 3. 2. 2. 2. 3. 3. 2. 3.
 3. 2. 3. 3. 2. 3. 2. 2. 3. 3. 2. 2. 3. 3. 2. 3. 3. 2. 3. 3. 3. 3. 3. 3.
 3. 3. 3. 2. 3. 2. 3. 3. 3. 3. 3. 3. 3. 3. 1. 3. 3. 3. 3. 3. 3. 2. 3. 3.
 3. 3. 2. 3. 2. 3. 3. 2. 3. 3. 3. 3. 3. 3. 3. 3. 3. 2. 3. 3. 3. 3. 3. 3.
 3. 2. 3. 3. 2. 2. 2. 3. 3. 3. 3. 3. 3. 3. 2. 3. 2. 3. 3. 3. 2. 3. 2. 2.
 3. 3. 3. 2. 3. 3. 3. 2. 1. 3. 3. 3. 3. 1. 3. 3. 3. 3. 2. 3. 3. 3. 2. 2.
 3. 3. 1. 3. 3. 2. 3. 3. 3. 3. 3. 3. 3. 2. 2. 3. 3. 3. 2. 3. 3. 3. 2. 3.
 2. 3. 3. 3. 3. 3. 3. 2. 3. 3. 3. 3. 3. 3. 3. 3. 3. 3. 3. 3. 3. 3. 3. 3.
 2. 3. 3. 3. 2. 3. 3. 2. 3. 2. 1. 2. 3. 3. 3. 3. 3. 2. 3. 2. 3. 3. 3. 3.
 3. 3. 2. 3. 3. 2. 3. 3. 2. 2. 3. 3. 2. 3. 2. 2. 2. 3. 3. 1. 3. 3. 3. 2.
 2. 3. 3. 3. 3. 2. 3. 3. 3. 3. 3. 2. 3. 3. 3. 3. 2. 3. 3. 3. 3. 2. 3. 3.
 2. 3. 3. 2. 3. 3. 3. 3. 3. 2. 3. 3. 3. 3. 3. 3. 3. 3. 3. 3. 3. 3. 3. 2.]
ZZ:
225 events with <4 jets: [2. 3. 2. 3. 3. 3. 3. 3. 3. 3. 2. 3. 3. 3. 3. 3. 2. 3. 3. 3. 3. 3. 1. 3.
 3. 3. 3. 3. 3. 3. 3. 3. 3. 2. 3. 2. 3. 2. 3. 3. 3. 3. 3. 3. 2. 2. 3. 3.
 2. 2. 3. 3. 2. 3. 2. 3. 3. 3. 3. 3. 2. 3. 3. 3. 2. 3. 3. 2. 3. 3. 3. 3.
 1. 3. 3. 3. 2. 2. 2. 3. 3. 2. 3. 3. 2. 2. 3. 2. 3. 3. 3. 2. 2. 3. 2. 3.
 3. 3. 2. 2. 2. 2. 3. 1. 3. 3. 3. 3. 3. 3. 2. 3. 2. 3. 3. 1. 3. 3. 3. 3.
 3. 3. 3. 3. 3. 3. 3. 3. 3. 3. 2. 3. 3. 3. 3. 2. 2. 2. 3. 3. 2. 3. 3. 3.
 2. 3. 3. 3. 3. 3. 3. 3. 3. 3. 2. 3. 3. 3. 2. 2. 3. 3. 3. 3. 3. 2. 3. 3.
 3. 3. 3. 3. 2. 3. 2. 3. 2. 3. 3. 2. 3. 2. 3. 2. 3. 2. 3. 3. 3. 2. 3. 2.
 3. 3. 3. 2. 3. 3. 2. 3. 3. 3. 3. 2. 2. 3. 2. 3. 2. 3. 3. 3. 3. 3. 3. 3.
 2. 3. 3. 3. 3. 2. 2. 2. 3.]
HH:
266 events with <4 jets: [3. 3. 3. 3. 3. 1. 3. 3. 3. 3. 3. 3. 2. 3. 1. 3. 3. 3. 2. 3. 3. 3. 2. 3.
 2. 2. 3. 3. 2. 2. 3. 2. 2. 3. 3. 3. 1. 3. 3. 3. 3. 2. 3. 2. 2. 3. 3. 2.
 2. 2. 3. 2. 1. 3. 1. 3. 3. 2. 2. 1. 3. 3. 2. 3. 3. 2. 1. 3. 2. 3. 2. 2.
 3. 3. 3. 3. 2. 3. 3. 3. 3. 3. 3. 3. 3. 3. 3. 3. 2. 3. 2. 1. 3. 3. 3. 3.
 2. 3. 3. 3. 2. 3. 3. 2. 2. 3. 3. 2. 3. 3. 2. 3. 2. 3. 2. 3. 3. 2. 1. 3.
 3. 3. 2. 3. 3. 3. 2. 3. 3. 3. 3. 2. 3. 3. 3. 1. 3. 3. 2. 3. 3. 3. 3. 1.
 3. 3. 3. 3. 3. 3. 3. 3. 3. 3. 2. 3. 3. 3. 3. 3. 2. 2. 2. 3. 3. 3. 3. 3.
 3. 3. 3. 3. 3. 3. 2. 3. 3. 3. 3. 3. 2. 2. 3. 3. 3. 3. 1. 3. 3. 3. 3. 2.
 2. 3. 2. 3. 2. 2. 3. 3. 2. 3. 3. 3. 2. 3. 3. 2. 3. 2. 2. 3. 3. 3. 2. 3.
 1. 3. 2. 3. 3. 3. 2. 3. 3. 1. 3. 2. 3. 3. 2. 3. 2. 3. 3. 2. 3. 2. 2. 3.
 1. 3. 3. 2. 3. 2. 3. 3. 3. 3. 2. 3. 2. 3. 3. 3. 3. 3. 2. 3. 3. 3. 2. 3.
 2. 3.]
TT:
1001 events with <4 jets: [3. 3. 3. ... 3. 1. 3.]
BB:
693 events with <4 jets: [3. 3. 3. 2. 3. 3. 3. 3. 3. 3. 2. 3. 2. 3. 2. 3. 3. 3. 3. 1. 3. 3. 1. 1.
 3. 3. 3. 3. 2. 2. 3. 3. 3. 2. 3. 3. 3. 1. 3. 3. 2. 2. 3. 3. 3. 2. 3. 3.
 3. 3. 2. 2. 3. 3. 3. 2. 2. 3. 3. 3. 3. 3. 3. 3. 2. 3. 3. 1. 3. 3. 2. 3.
 3. 2. 3. 3. 2. 3. 3. 3. 3. 3. 3. 3. 3. 3. 3. 3. 3. 3. 3. 3. 3. 2. 3. 3.
 3. 1. 2. 3. 3. 3. 3. 3. 3. 3. 2. 3. 3. 2. 3. 3. 3. 3. 3. 3. 3. 2. 3. 3.
 2. 3. 2. 2. 3. 3. 3. 3. 2. 3. 3. 3. 1. 3. 3. 3. 2. 3. 1. 2. 3. 3. 3. 2.
 2. 3. 2. 3. 3. 2. 2. 3. 3. 3. 1. 3. 3. 3. 2. 2. 2. 2. 2. 3. 3. 3. 2. 2.
 3. 3. 2. 3. 3. 2. 2. 3. 3. 3. 2. 3. 2. 2. 3. 3. 3. 3. 2. 3. 3. 3. 2. 3.
 3. 3. 3. 3. 3. 3. 2. 3. 1. 2. 2. 3. 2. 3. 2. 3. 2. 3. 2. 2. 3. 3. 2. 2.
 3. 3. 3. 3. 2. 3. 2. 3. 3. 2. 3. 2. 2. 1. 3. 3. 3. 3. 3. 3. 3. 3. 3. 3.
 3. 2. 3. 3. 3. 3. 3. 3. 3. 3. 3. 2. 2. 3. 3. 3. 3. 1. 3. 3. 3. 1. 3. 3.
 3. 2. 3. 3. 3. 3. 1. 3. 2. 3. 2. 3. 3. 2. 3. 3. 1. 3. 3. 3. 3. 3. 3. 3.
 3. 3. 3. 3. 2. 2. 3. 3. 3. 3. 2. 2. 3. 3. 3. 3. 3. 2. 3. 3. 3. 3. 3. 2.
 3. 3. 3. 3. 2. 2. 2. 2. 3. 3. 2. 3. 2. 2. 2. 2. 3. 3. 3. 3. 3. 2. 2. 3.
 2. 3. 3. 2. 2. 2. 3. 3. 2. 3. 3. 3. 3. 3. 3. 2. 3. 2. 2. 2. 3. 3. 3. 2.
 2. 3. 3. 2. 2. 3. 3. 3. 3. 3. 2. 2. 3. 3. 3. 3. 3. 3. 2. 3. 3. 3. 2. 3.
 2. 3. 3. 3. 3. 2. 3. 3. 3. 3. 3. 3. 2. 1. 3. 3. 2. 3. 3. 3. 2. 3. 3. 1.
 3. 2. 3. 3. 3. 3. 3. 2. 2. 3. 1. 3. 2. 3. 2. 2. 2. 3. 2. 3. 2. 2. 2. 1.
 2. 3. 3. 3. 3. 3. 2. 2. 2. 3. 2. 3. 3. 3. 3. 3. 3. 3. 3. 3. 3. 3. 3. 3.
 2. 3. 3. 1. 3. 1. 2. 3. 2. 1. 3. 2. 2. 2. 3. 3. 3. 3. 3. 2. 3. 3. 3. 3.
 3. 1. 2. 3. 2. 3. 2. 2. 3. 3. 3. 2. 3. 3. 3. 3. 2. 2. 2. 3. 2. 3. 3. 2.
 2. 3. 3. 2. 3. 3. 3. 3. 3. 3. 3. 3. 3. 3. 3. 3. 3. 3. 2. 3. 2. 3. 2. 3.
 2. 3. 3. 3. 3. 2. 2. 3. 3. 3. 3. 3. 3. 3. 3. 2. 3. 2. 3. 3. 3. 3. 3. 3.
 2. 2. 3. 3. 2. 3. 2. 3. 3. 3. 3. 3. 3. 1. 3. 3. 3. 3. 1. 3. 3. 2. 3. 3.
 2. 2. 3. 3. 3. 3. 1. 3. 3. 2. 2. 2. 3. 2. 3. 2. 3. 3. 3. 3. 2. 3. 1. 3.
 3. 3. 2. 1. 3. 2. 2. 3. 3. 3. 2. 3. 3. 2. 3. 3. 3. 3. 3. 2. 3. 3. 3. 3.
 3. 3. 3. 3. 3. 3. 3. 3. 2. 3. 3. 2. 3. 3. 3. 3. 2. 3. 3. 2. 3. 2. 3. 3.
 3. 3. 3. 1. 2. 2. 3. 3. 3. 1. 3. 3. 3. 3. 2. 3. 3. 2. 2. 2. 3. 3. 2. 2.
 3. 3. 2. 2. 3. 3. 2. 3. 3. 2. 3. 2. 1. 3. 3. 3. 3. 2. 3. 2. 2.]
QCD:
575 events with <4 jets: [3. 3. 3. 3. 2. 3. 2. 3. 2. 1. 3. 1. 3. 3. 3. 2. 2. 3. 3. 3. 3. 3. 3. 3.
 3. 3. 3. 3. 3. 3. 3. 3. 2. 2. 2. 2. 3. 3. 3. 2. 2. 3. 3. 3. 3. 2. 3. 3.
 3. 3. 1. 2. 3. 3. 2. 3. 3. 3. 3. 2. 3. 3. 2. 3. 3. 3. 2. 1. 3. 2. 3. 3.
 2. 3. 3. 3. 3. 1. 2. 2. 3. 2. 3. 3. 3. 2. 3. 2. 3. 2. 3. 1. 3. 3. 2. 3.
 3. 3. 3. 3. 2. 3. 3. 2. 3. 3. 3. 3. 3. 3. 3. 2. 3. 2. 3. 2. 3. 3. 3. 3.
 2. 3. 1. 3. 2. 2. 2. 2. 2. 1. 3. 3. 2. 2. 3. 2. 3. 3. 1. 1. 3. 2. 3. 3.
 3. 3. 3. 3. 3. 3. 3. 3. 2. 3. 2. 3. 3. 3. 3. 2. 1. 3. 3. 3. 2. 2. 3. 1.
 2. 3. 3. 2. 3. 3. 2. 3. 3. 2. 3. 3. 3. 3. 2. 3. 2. 3. 2. 3. 3. 3. 3. 3.
 3. 3. 3. 2. 2. 2. 3. 3. 2. 3. 3. 3. 3. 3. 3. 3. 3. 1. 2. 2. 3. 2. 3. 3.
 3. 2. 3. 3. 3. 3. 3. 3. 2. 3. 3. 3. 2. 3. 3. 2. 2. 2. 3. 3. 3. 3. 3. 1.
 3. 1. 3. 2. 3. 1. 3. 2. 3. 3. 3. 3. 2. 2. 2. 3. 2. 3. 2. 3. 3. 2. 2. 3.
 3. 3. 3. 2. 3. 2. 2. 2. 2. 1. 3. 3. 3. 2. 3. 2. 3. 3. 2. 2. 3. 2. 3. 2.
 3. 3. 2. 3. 3. 3. 3. 3. 3. 2. 3. 3. 3. 2. 2. 3. 3. 3. 2. 3. 2. 3. 3. 3.
 3. 2. 3. 3. 3. 2. 1. 3. 3. 2. 3. 2. 3. 3. 3. 3. 3. 3. 3. 3. 3. 2. 3. 3.
 3. 3. 3. 3. 3. 3. 3. 3. 2. 3. 3. 2. 3. 2. 3. 1. 3. 3. 2. 3. 2. 3. 3. 3.
 2. 2. 2. 2. 3. 2. 3. 3. 3. 3. 3. 2. 3. 2. 3. 3. 3. 3. 3. 3. 2. 3. 2. 3.
 3. 3. 2. 2. 3. 3. 2. 3. 2. 3. 2. 2. 3. 3. 3. 3. 3. 2. 3. 3. 3. 3. 3. 2.
 3. 3. 2. 3. 2. 3. 2. 3. 3. 3. 3. 3. 2. 3. 2. 2. 3. 2. 3. 2. 2. 1. 3. 2.
 3. 2. 3. 3. 3. 3. 3. 3. 3. 2. 3. 2. 3. 2. 3. 3. 3. 3. 3. 3. 3. 3. 3. 3.
 2. 3. 3. 2. 3. 3. 3. 3. 2. 3. 2. 2. 3. 3. 3. 3. 2. 3. 3. 3. 2. 3. 3. 2.
 3. 3. 3. 2. 3. 2. 2. 3. 3. 3. 3. 3. 3. 3. 3. 2. 2. 3. 2. 2. 3. 2. 2. 2.
 2. 3. 2. 3. 2. 2. 3. 3. 3. 3. 3. 2. 3. 3. 3. 3. 3. 3. 3. 2. 3. 3. 2. 3.
 3. 1. 3. 3. 3. 2. 2. 3. 3. 3. 3. 3. 2. 3. 2. 2. 3. 3. 3. 3. 2. 3. 3. 3.
 3. 3. 3. 3. 3. 3. 3. 1. 3. 3. 2. 3. 3. 3. 3. 2. 3. 3. 2. 3. 3. 3. 2.]

nJets_400GeV:
WW:
336 events with <4 jets: [1. 3. 3. 2. 3. 3. 1. 2. 3. 3. 3. 3. 3. 3. 3. 3. 3. 3. 2. 3. 3. 2. 3. 3.
 3. 3. 3. 3. 3. 3. 3. 3. 3. 2. 3. 2. 3. 3. 2. 2. 3. 3. 3. 3. 2. 3. 3. 3.
 2. 2. 3. 3. 3. 2. 2. 3. 3. 3. 2. 3. 3. 3. 2. 3. 3. 2. 2. 2. 3. 3. 2. 3.
 3. 2. 3. 3. 2. 3. 2. 2. 3. 3. 2. 2. 3. 3. 2. 3. 3. 2. 3. 3. 3. 3. 3. 3.
 3. 3. 3. 2. 3. 2. 3. 3. 3. 3. 3. 3. 3. 3. 1. 3. 3. 3. 3. 3. 3. 2. 3. 3.
 3. 3. 2. 3. 2. 3. 3. 2. 3. 3. 3. 3. 3. 3. 3. 3. 3. 2. 3. 3. 3. 3. 3. 3.
 3. 2. 3. 3. 2. 2. 2. 3. 3. 3. 3. 3. 3. 3. 2. 3. 2. 3. 3. 3. 2. 3. 2. 2.
 3. 3. 3. 2. 3. 3. 3. 2. 1. 3. 3. 3. 3. 1. 3. 3. 3. 3. 2. 3. 3. 3. 2. 2.
 3. 3. 1. 3. 3. 2. 3. 3. 3. 3. 3. 3. 3. 2. 2. 3. 3. 3. 2. 3. 3. 3. 2. 3.
 2. 3. 3. 3. 3. 3. 3. 2. 3. 3. 3. 3. 3. 3. 3. 3. 3. 3. 3. 3. 3. 3. 3. 3.
 2. 3. 3. 3. 2. 3. 3. 2. 3. 2. 1. 2. 3. 3. 3. 3. 3. 2. 3. 2. 3. 3. 3. 3.
 3. 3. 2. 3. 3. 2. 3. 3. 2. 2. 3. 3. 2. 3. 2. 2. 2. 3. 3. 1. 3. 3. 3. 2.
 2. 3. 3. 3. 3. 2. 3. 3. 3. 3. 3. 2. 3. 3. 3. 3. 2. 3. 3. 3. 3. 2. 3. 3.
 2. 3. 3. 2. 3. 3. 3. 3. 3. 2. 3. 3. 3. 3. 3. 3. 3. 3. 3. 3. 3. 3. 3. 2.]
ZZ:
225 events with <4 jets: [2. 3. 2. 3. 3. 3. 3. 3. 3. 3. 2. 3. 3. 3. 3. 3. 2. 3. 3. 3. 3. 3. 1. 3.
 3. 3. 3. 3. 3. 3. 3. 3. 3. 2. 3. 2. 3. 2. 3. 3. 3. 3. 3. 3. 2. 2. 3. 3.
 2. 2. 3. 3. 2. 3. 2. 3. 3. 3. 3. 3. 2. 3. 3. 3. 2. 3. 3. 2. 3. 3. 3. 3.
 1. 3. 3. 3. 2. 2. 2. 3. 3. 2. 3. 3. 2. 2. 3. 2. 3. 3. 3. 2. 2. 3. 2. 3.
 3. 3. 2. 2. 2. 2. 3. 1. 3. 3. 3. 3. 3. 3. 2. 3. 2. 3. 3. 1. 3. 3. 3. 3.
 3. 3. 3. 3. 3. 3. 3. 3. 3. 3. 2. 3. 3. 3. 3. 2. 2. 2. 3. 3. 2. 3. 3. 3.
 2. 3. 3. 3. 3. 3. 3. 3. 3. 3. 2. 3. 3. 3. 2. 2. 3. 3. 3. 3. 3. 2. 3. 3.
 3. 3. 3. 3. 2. 3. 2. 3. 2. 3. 3. 2. 3. 2. 3. 2. 3. 2. 3. 3. 3. 2. 3. 2.
 3. 3. 3. 2. 3. 3. 2. 3. 3. 3. 3. 2. 2. 3. 2. 3. 2. 3. 3. 3. 3. 3. 3. 3.
 2. 3. 3. 3. 3. 2. 2. 2. 3.]
HH:
266 events with <4 jets: [3. 3. 3. 3. 3. 1. 3. 3. 3. 3. 3. 3. 2. 3. 1. 3. 3. 3. 2. 3. 3. 3. 2. 3.
 2. 2. 3. 3. 2. 2. 3. 2. 2. 3. 3. 3. 1. 3. 3. 3. 3. 2. 3. 2. 2. 3. 3. 2.
 2. 2. 3. 2. 1. 3. 1. 3. 3. 2. 2. 1. 3. 3. 2. 3. 3. 2. 1. 3. 2. 3. 2. 2.
 3. 3. 3. 3. 2. 3. 3. 3. 3. 3. 3. 3. 3. 3. 3. 3. 2. 3. 2. 1. 3. 3. 3. 3.
 2. 3. 3. 3. 2. 3. 3. 2. 2. 3. 3. 2. 3. 3. 2. 3. 2. 3. 2. 3. 3. 2. 1. 3.
 3. 3. 2. 3. 3. 3. 2. 3. 3. 3. 3. 2. 3. 3. 3. 1. 3. 3. 2. 3. 3. 3. 3. 1.
 3. 3. 3. 3. 3. 3. 3. 3. 3. 3. 2. 3. 3. 3. 3. 3. 2. 2. 2. 3. 3. 3. 3. 3.
 3. 3. 3. 3. 3. 3. 2. 3. 3. 3. 3. 3. 2. 2. 3. 3. 3. 3. 1. 3. 3. 3. 3. 2.
 2. 3. 2. 3. 2. 2. 3. 3. 2. 3. 3. 3. 2. 3. 3. 2. 3. 2. 2. 3. 3. 3. 2. 3.
 1. 3. 2. 3. 3. 3. 2. 3. 3. 1. 3. 2. 3. 3. 2. 3. 2. 3. 3. 2. 3. 2. 2. 3.
 1. 3. 3. 2. 3. 2. 3. 3. 3. 3. 2. 3. 2. 3. 3. 3. 3. 3. 2. 3. 3. 3. 2. 3.
 2. 3.]
TT:
1001 events with <4 jets: [3. 3. 3. ... 3. 1. 3.]
BB:
693 events with <4 jets: [3. 3. 3. 2. 3. 3. 3. 3. 3. 3. 2. 3. 2. 3. 2. 3. 3. 3. 3. 1. 3. 3. 1. 1.
 3. 3. 3. 3. 2. 2. 3. 3. 3. 2. 3. 3. 3. 1. 3. 3. 2. 2. 3. 3. 3. 2. 3. 3.
 3. 3. 2. 2. 3. 3. 3. 2. 2. 3. 3. 3. 3. 3. 3. 3. 2. 3. 3. 1. 3. 3. 2. 3.
 3. 2. 3. 3. 2. 3. 3. 3. 3. 3. 3. 3. 3. 3. 3. 3. 3. 3. 3. 3. 3. 2. 3. 3.
 3. 1. 2. 3. 3. 3. 3. 3. 3. 3. 2. 3. 3. 2. 3. 3. 3. 3. 3. 3. 3. 2. 3. 3.
 2. 3. 2. 2. 3. 3. 3. 3. 2. 3. 3. 3. 1. 3. 3. 3. 2. 3. 1. 2. 3. 3. 3. 2.
 2. 3. 2. 3. 3. 2. 2. 3. 3. 3. 1. 3. 3. 3. 2. 2. 2. 2. 2. 3. 3. 3. 2. 2.
 3. 3. 2. 3. 3. 2. 2. 3. 3. 3. 2. 3. 2. 2. 3. 3. 3. 3. 2. 3. 3. 3. 2. 3.
 3. 3. 3. 3. 3. 3. 2. 3. 1. 2. 2. 3. 2. 3. 2. 3. 2. 3. 2. 2. 3. 3. 2. 2.
 3. 3. 3. 3. 2. 3. 2. 3. 3. 2. 3. 2. 2. 1. 3. 3. 3. 3. 3. 3. 3. 3. 3. 3.
 3. 2. 3. 3. 3. 3. 3. 3. 3. 3. 3. 2. 2. 3. 3. 3. 3. 1. 3. 3. 3. 1. 3. 3.
 3. 2. 3. 3. 3. 3. 1. 3. 2. 3. 2. 3. 3. 2. 3. 3. 1. 3. 3. 3. 3. 3. 3. 3.
 3. 3. 3. 3. 2. 2. 3. 3. 3. 3. 2. 2. 3. 3. 3. 3. 3. 2. 3. 3. 3. 3. 3. 2.
 3. 3. 3. 3. 2. 2. 2. 2. 3. 3. 2. 3. 2. 2. 2. 2. 3. 3. 3. 3. 3. 2. 2. 3.
 2. 3. 3. 2. 2. 2. 3. 3. 2. 3. 3. 3. 3. 3. 3. 2. 3. 2. 2. 2. 3. 3. 3. 2.
 2. 3. 3. 2. 2. 3. 3. 3. 3. 3. 2. 2. 3. 3. 3. 3. 3. 3. 2. 3. 3. 3. 2. 3.
 2. 3. 3. 3. 3. 2. 3. 3. 3. 3. 3. 3. 2. 1. 3. 3. 2. 3. 3. 3. 2. 3. 3. 1.
 3. 2. 3. 3. 3. 3. 3. 2. 2. 3. 1. 3. 2. 3. 2. 2. 2. 3. 2. 3. 2. 2. 2. 1.
 2. 3. 3. 3. 3. 3. 2. 2. 2. 3. 2. 3. 3. 3. 3. 3. 3. 3. 3. 3. 3. 3. 3. 3.
 2. 3. 3. 1. 3. 1. 2. 3. 2. 1. 3. 2. 2. 2. 3. 3. 3. 3. 3. 2. 3. 3. 3. 3.
 3. 1. 2. 3. 2. 3. 2. 2. 3. 3. 3. 2. 3. 3. 3. 3. 2. 2. 2. 3. 2. 3. 3. 2.
 2. 3. 3. 2. 3. 3. 3. 3. 3. 3. 3. 3. 3. 3. 3. 3. 3. 3. 2. 3. 2. 3. 2. 3.
 2. 3. 3. 3. 3. 2. 2. 3. 3. 3. 3. 3. 3. 3. 3. 2. 3. 2. 3. 3. 3. 3. 3. 3.
 2. 2. 3. 3. 2. 3. 2. 3. 3. 3. 3. 3. 3. 1. 3. 3. 3. 3. 1. 3. 3. 2. 3. 3.
 2. 2. 3. 3. 3. 3. 1. 3. 3. 2. 2. 2. 3. 2. 3. 2. 3. 3. 3. 3. 2. 3. 1. 3.
 3. 3. 2. 1. 3. 2. 2. 3. 3. 3. 2. 3. 3. 2. 3. 3. 3. 3. 3. 2. 3. 3. 3. 3.
 3. 3. 3. 3. 3. 3. 3. 3. 2. 3. 3. 2. 3. 3. 3. 3. 2. 3. 3. 2. 3. 2. 3. 3.
 3. 3. 3. 1. 2. 2. 3. 3. 3. 1. 3. 3. 3. 3. 2. 3. 3. 2. 2. 2. 3. 3. 2. 2.
 3. 3. 2. 2. 3. 3. 2. 3. 3. 2. 3. 2. 1. 3. 3. 3. 3. 2. 3. 2. 2.]
QCD:
575 events with <4 jets: [3. 3. 3. 3. 2. 3. 2. 3. 2. 1. 3. 1. 3. 3. 3. 2. 2. 3. 3. 3. 3. 3. 3. 3.
 3. 3. 3. 3. 3. 3. 3. 3. 2. 2. 2. 2. 3. 3. 3. 2. 2. 3. 3. 3. 3. 2. 3. 3.
 3. 3. 1. 2. 3. 3. 2. 3. 3. 3. 3. 2. 3. 3. 2. 3. 3. 3. 2. 1. 3. 2. 3. 3.
 2. 3. 3. 3. 3. 1. 2. 2. 3. 2. 3. 3. 3. 2. 3. 2. 3. 2. 3. 1. 3. 3. 2. 3.
 3. 3. 3. 3. 2. 3. 3. 2. 3. 3. 3. 3. 3. 3. 3. 2. 3. 2. 3. 2. 3. 3. 3. 3.
 2. 3. 1. 3. 2. 2. 2. 2. 2. 1. 3. 3. 2. 2. 3. 2. 3. 3. 1. 1. 3. 2. 3. 3.
 3. 3. 3. 3. 3. 3. 3. 3. 2. 3. 2. 3. 3. 3. 3. 2. 1. 3. 3. 3. 2. 2. 3. 1.
 2. 3. 3. 2. 3. 3. 2. 3. 3. 2. 3. 3. 3. 3. 2. 3. 2. 3. 2. 3. 3. 3. 3. 3.
 3. 3. 3. 2. 2. 2. 3. 3. 2. 3. 3. 3. 3. 3. 3. 3. 3. 1. 2. 2. 3. 2. 3. 3.
 3. 2. 3. 3. 3. 3. 3. 3. 2. 3. 3. 3. 2. 3. 3. 2. 2. 2. 3. 3. 3. 3. 3. 1.
 3. 1. 3. 2. 3. 1. 3. 2. 3. 3. 3. 3. 2. 2. 2. 3. 2. 3. 2. 3. 3. 2. 2. 3.
 3. 3. 3. 2. 3. 2. 2. 2. 2. 1. 3. 3. 3. 2. 3. 2. 3. 3. 2. 2. 3. 2. 3. 2.
 3. 3. 2. 3. 3. 3. 3. 3. 3. 2. 3. 3. 3. 2. 2. 3. 3. 3. 2. 3. 2. 3. 3. 3.
 3. 2. 3. 3. 3. 2. 1. 3. 3. 2. 3. 2. 3. 3. 3. 3. 3. 3. 3. 3. 3. 2. 3. 3.
 3. 3. 3. 3. 3. 3. 3. 3. 2. 3. 3. 2. 3. 2. 3. 1. 3. 3. 2. 3. 2. 3. 3. 3.
 2. 2. 2. 2. 3. 2. 3. 3. 3. 3. 3. 2. 3. 2. 3. 3. 3. 3. 3. 3. 2. 3. 2. 3.
 3. 3. 2. 2. 3. 3. 2. 3. 2. 3. 2. 2. 3. 3. 3. 3. 3. 2. 3. 3. 3. 3. 3. 2.
 3. 3. 2. 3. 2. 3. 2. 3. 3. 3. 3. 3. 2. 3. 2. 2. 3. 2. 3. 2. 2. 1. 3. 2.
 3. 2. 3. 3. 3. 3. 3. 3. 3. 2. 3. 2. 3. 2. 3. 3. 3. 3. 3. 3. 3. 3. 3. 3.
 2. 3. 3. 2. 3. 3. 3. 3. 2. 3. 2. 2. 3. 3. 3. 3. 2. 3. 3. 3. 2. 3. 3. 2.
 3. 3. 3. 2. 3. 2. 2. 3. 3. 3. 3. 3. 3. 3. 3. 2. 2. 3. 2. 2. 3. 2. 2. 2.
 2. 3. 2. 3. 2. 2. 3. 3. 3. 3. 3. 2. 3. 3. 3. 3. 3. 3. 3. 2. 3. 3. 2. 3.
 3. 1. 3. 3. 3. 2. 2. 3. 3. 3. 3. 3. 2. 3. 2. 2. 3. 3. 3. 3. 2. 3. 3. 3.
 3. 3. 3. 3. 3. 3. 3. 1. 3. 3. 2. 3. 3. 3. 3. 2. 3. 3. 2. 3. 3. 3. 2.]

nJets_50GeV:
WW:
336 events with <4 jets: [1. 3. 3. 2. 3. 3. 1. 2. 3. 3. 3. 3. 3. 3. 3. 3. 3. 3. 2. 3. 3. 2. 3. 3.
 3. 3. 3. 3. 3. 3. 3. 3. 3. 2. 3. 2. 3. 3. 2. 2. 3. 3. 3. 3. 2. 3. 3. 3.
 2. 2. 3. 3. 3. 2. 2. 3. 3. 3. 2. 3. 3. 3. 2. 3. 3. 2. 2. 2. 3. 3. 2. 3.
 3. 2. 3. 3. 2. 3. 2. 2. 3. 3. 2. 2. 3. 3. 2. 3. 3. 2. 3. 3. 3. 3. 3. 3.
 3. 3. 3. 2. 3. 2. 3. 3. 3. 3. 3. 3. 3. 3. 1. 3. 3. 3. 3. 3. 3. 2. 3. 3.
 3. 3. 2. 3. 2. 3. 3. 2. 3. 3. 3. 3. 3. 3. 3. 3. 3. 2. 3. 3. 3. 3. 3. 3.
 3. 2. 3. 3. 2. 2. 2. 3. 3. 3. 3. 3. 3. 3. 2. 3. 2. 3. 3. 3. 2. 3. 2. 2.
 3. 3. 3. 2. 3. 3. 3. 2. 1. 3. 3. 3. 3. 1. 3. 3. 3. 3. 2. 3. 3. 3. 2. 2.
 3. 3. 1. 3. 3. 2. 3. 3. 3. 3. 3. 3. 3. 2. 2. 3. 3. 3. 2. 3. 3. 3. 2. 3.
 2. 3. 3. 3. 3. 3. 3. 2. 3. 3. 3. 3. 3. 3. 3. 3. 3. 3. 3. 3. 3. 3. 3. 3.
 2. 3. 3. 3. 2. 3. 3. 2. 3. 2. 1. 2. 3. 3. 3. 3. 3. 2. 3. 2. 3. 3. 3. 3.
 3. 3. 2. 3. 3. 2. 3. 3. 2. 2. 3. 3. 2. 3. 2. 2. 2. 3. 3. 1. 3. 3. 3. 2.
 2. 3. 3. 3. 3. 2. 3. 3. 3. 3. 3. 2. 3. 3. 3. 3. 2. 3. 3. 3. 3. 2. 3. 3.
 2. 3. 3. 2. 3. 3. 3. 3. 3. 2. 3. 3. 3. 3. 3. 3. 3. 3. 3. 3. 3. 3. 3. 2.]
ZZ:
225 events with <4 jets: [2. 3. 2. 3. 3. 3. 3. 3. 3. 3. 2. 3. 3. 3. 3. 3. 2. 3. 3. 3. 3. 3. 1. 3.
 3. 3. 3. 3. 3. 3. 3. 3. 3. 2. 3. 2. 3. 2. 3. 3. 3. 3. 3. 3. 2. 2. 3. 3.
 2. 2. 3. 3. 2. 3. 2. 3. 3. 3. 3. 3. 2. 3. 3. 3. 2. 3. 3. 2. 3. 3. 3. 3.
 1. 3. 3. 3. 2. 2. 2. 3. 3. 2. 3. 3. 2. 2. 3. 2. 3. 3. 3. 2. 2. 3. 2. 3.
 3. 3. 2. 2. 2. 2. 3. 1. 3. 3. 3. 3. 3. 3. 2. 3. 2. 3. 3. 1. 3. 3. 3. 3.
 3. 3. 3. 3. 3. 3. 3. 3. 3. 3. 2. 3. 3. 3. 3. 2. 2. 2. 3. 3. 2. 3. 3. 3.
 2. 3. 3. 3. 3. 3. 3. 3. 3. 3. 2. 3. 3. 3. 2. 2. 3. 3. 3. 3. 3. 2. 3. 3.
 3. 3. 3. 3. 2. 3. 2. 3. 2. 3. 3. 2. 3. 2. 3. 2. 3. 2. 3. 3. 3. 2. 3. 2.
 3. 3. 3. 2. 3. 3. 2. 3. 3. 3. 3. 2. 2. 3. 2. 3. 2. 3. 3. 3. 3. 3. 3. 3.
 2. 3. 3. 3. 3. 2. 2. 2. 3.]
HH:
266 events with <4 jets: [3. 3. 3. 3. 3. 1. 3. 3. 3. 3. 3. 3. 2. 3. 1. 3. 3. 3. 2. 3. 3. 3. 2. 3.
 2. 2. 3. 3. 2. 2. 3. 2. 2. 3. 3. 3. 1. 3. 3. 3. 3. 2. 3. 2. 2. 3. 3. 2.
 2. 2. 3. 2. 1. 3. 1. 3. 3. 2. 2. 1. 3. 3. 2. 3. 3. 2. 1. 3. 2. 3. 2. 2.
 3. 3. 3. 3. 2. 3. 3. 3. 3. 3. 3. 3. 3. 3. 3. 3. 2. 3. 2. 1. 3. 3. 3. 3.
 2. 3. 3. 3. 2. 3. 3. 2. 2. 3. 3. 2. 3. 3. 2. 3. 2. 3. 2. 3. 3. 2. 1. 3.
 3. 3. 2. 3. 3. 3. 2. 3. 3. 3. 3. 2. 3. 3. 3. 1. 3. 3. 2. 3. 3. 3. 3. 1.
 3. 3. 3. 3. 3. 3. 3. 3. 3. 3. 2. 3. 3. 3. 3. 3. 2. 2. 2. 3. 3. 3. 3. 3.
 3. 3. 3. 3. 3. 3. 2. 3. 3. 3. 3. 3. 2. 2. 3. 3. 3. 3. 1. 3. 3. 3. 3. 2.
 2. 3. 2. 3. 2. 2. 3. 3. 2. 3. 3. 3. 2. 3. 3. 2. 3. 2. 2. 3. 3. 3. 2. 3.
 1. 3. 2. 3. 3. 3. 2. 3. 3. 1. 3. 2. 3. 3. 2. 3. 2. 3. 3. 2. 3. 2. 2. 3.
 1. 3. 3. 2. 3. 2. 3. 3. 3. 3. 2. 3. 2. 3. 3. 3. 3. 3. 2. 3. 3. 3. 2. 3.
 2. 3.]
TT:
1001 events with <4 jets: [3. 3. 3. ... 3. 1. 3.]
BB:
693 events with <4 jets: [3. 3. 3. 2. 3. 3. 3. 3. 3. 3. 2. 3. 2. 3. 2. 3. 3. 3. 3. 1. 3. 3. 1. 1.
 3. 3. 3. 3. 2. 2. 3. 3. 3. 2. 3. 3. 3. 1. 3. 3. 2. 2. 3. 3. 3. 2. 3. 3.
 3. 3. 2. 2. 3. 3. 3. 2. 2. 3. 3. 3. 3. 3. 3. 3. 2. 3. 3. 1. 3. 3. 2. 3.
 3. 2. 3. 3. 2. 3. 3. 3. 3. 3. 3. 3. 3. 3. 3. 3. 3. 3. 3. 3. 3. 2. 3. 3.
 3. 1. 2. 3. 3. 3. 3. 3. 3. 3. 2. 3. 3. 2. 3. 3. 3. 3. 3. 3. 3. 2. 3. 3.
 2. 3. 2. 2. 3. 3. 3. 3. 2. 3. 3. 3. 1. 3. 3. 3. 2. 3. 1. 2. 3. 3. 3. 2.
 2. 3. 2. 3. 3. 2. 2. 3. 3. 3. 1. 3. 3. 3. 2. 2. 2. 2. 2. 3. 3. 3. 2. 2.
 3. 3. 2. 3. 3. 2. 2. 3. 3. 3. 2. 3. 2. 2. 3. 3. 3. 3. 2. 3. 3. 3. 2. 3.
 3. 3. 3. 3. 3. 3. 2. 3. 1. 2. 2. 3. 2. 3. 2. 3. 2. 3. 2. 2. 3. 3. 2. 2.
 3. 3. 3. 3. 2. 3. 2. 3. 3. 2. 3. 2. 2. 1. 3. 3. 3. 3. 3. 3. 3. 3. 3. 3.
 3. 2. 3. 3. 3. 3. 3. 3. 3. 3. 3. 2. 2. 3. 3. 3. 3. 1. 3. 3. 3. 1. 3. 3.
 3. 2. 3. 3. 3. 3. 1. 3. 2. 3. 2. 3. 3. 2. 3. 3. 1. 3. 3. 3. 3. 3. 3. 3.
 3. 3. 3. 3. 2. 2. 3. 3. 3. 3. 2. 2. 3. 3. 3. 3. 3. 2. 3. 3. 3. 3. 3. 2.
 3. 3. 3. 3. 2. 2. 2. 2. 3. 3. 2. 3. 2. 2. 2. 2. 3. 3. 3. 3. 3. 2. 2. 3.
 2. 3. 3. 2. 2. 2. 3. 3. 2. 3. 3. 3. 3. 3. 3. 2. 3. 2. 2. 2. 3. 3. 3. 2.
 2. 3. 3. 2. 2. 3. 3. 3. 3. 3. 2. 2. 3. 3. 3. 3. 3. 3. 2. 3. 3. 3. 2. 3.
 2. 3. 3. 3. 3. 2. 3. 3. 3. 3. 3. 3. 2. 1. 3. 3. 2. 3. 3. 3. 2. 3. 3. 1.
 3. 2. 3. 3. 3. 3. 3. 2. 2. 3. 1. 3. 2. 3. 2. 2. 2. 3. 2. 3. 2. 2. 2. 1.
 2. 3. 3. 3. 3. 3. 2. 2. 2. 3. 2. 3. 3. 3. 3. 3. 3. 3. 3. 3. 3. 3. 3. 3.
 2. 3. 3. 1. 3. 1. 2. 3. 2. 1. 3. 2. 2. 2. 3. 3. 3. 3. 3. 2. 3. 3. 3. 3.
 3. 1. 2. 3. 2. 3. 2. 2. 3. 3. 3. 2. 3. 3. 3. 3. 2. 2. 2. 3. 2. 3. 3. 2.
 2. 3. 3. 2. 3. 3. 3. 3. 3. 3. 3. 3. 3. 3. 3. 3. 3. 3. 2. 3. 2. 3. 2. 3.
 2. 3. 3. 3. 3. 2. 2. 3. 3. 3. 3. 3. 3. 3. 3. 2. 3. 2. 3. 3. 3. 3. 3. 3.
 2. 2. 3. 3. 2. 3. 2. 3. 3. 3. 3. 3. 3. 1. 3. 3. 3. 3. 1. 3. 3. 2. 3. 3.
 2. 2. 3. 3. 3. 3. 1. 3. 3. 2. 2. 2. 3. 2. 3. 2. 3. 3. 3. 3. 2. 3. 1. 3.
 3. 3. 2. 1. 3. 2. 2. 3. 3. 3. 2. 3. 3. 2. 3. 3. 3. 3. 3. 2. 3. 3. 3. 3.
 3. 3. 3. 3. 3. 3. 3. 3. 2. 3. 3. 2. 3. 3. 3. 3. 2. 3. 3. 2. 3. 2. 3. 3.
 3. 3. 3. 1. 2. 2. 3. 3. 3. 1. 3. 3. 3. 3. 2. 3. 3. 2. 2. 2. 3. 3. 2. 2.
 3. 3. 2. 2. 3. 3. 2. 3. 3. 2. 3. 2. 1. 3. 3. 3. 3. 2. 3. 2. 2.]
QCD:
575 events with <4 jets: [3. 3. 3. 3. 2. 3. 2. 3. 2. 1. 3. 1. 3. 3. 3. 2. 2. 3. 3. 3. 3. 3. 3. 3.
 3. 3. 3. 3. 3. 3. 3. 3. 2. 2. 2. 2. 3. 3. 3. 2. 2. 3. 3. 3. 3. 2. 3. 3.
 3. 3. 1. 2. 3. 3. 2. 3. 3. 3. 3. 2. 3. 3. 2. 3. 3. 3. 2. 1. 3. 2. 3. 3.
 2. 3. 3. 3. 3. 1. 2. 2. 3. 2. 3. 3. 3. 2. 3. 2. 3. 2. 3. 1. 3. 3. 2. 3.
 3. 3. 3. 3. 2. 3. 3. 2. 3. 3. 3. 3. 3. 3. 3. 2. 3. 2. 3. 2. 3. 3. 3. 3.
 2. 3. 1. 3. 2. 2. 2. 2. 2. 1. 3. 3. 2. 2. 3. 2. 3. 3. 1. 1. 3. 2. 3. 3.
 3. 3. 3. 3. 3. 3. 3. 3. 2. 3. 2. 3. 3. 3. 3. 2. 1. 3. 3. 3. 2. 2. 3. 1.
 2. 3. 3. 2. 3. 3. 2. 3. 3. 2. 3. 3. 3. 3. 2. 3. 2. 3. 2. 3. 3. 3. 3. 3.
 3. 3. 3. 2. 2. 2. 3. 3. 2. 3. 3. 3. 3. 3. 3. 3. 3. 1. 2. 2. 3. 2. 3. 3.
 3. 2. 3. 3. 3. 3. 3. 3. 2. 3. 3. 3. 2. 3. 3. 2. 2. 2. 3. 3. 3. 3. 3. 1.
 3. 1. 3. 2. 3. 1. 3. 2. 3. 3. 3. 3. 2. 2. 2. 3. 2. 3. 2. 3. 3. 2. 2. 3.
 3. 3. 3. 2. 3. 2. 2. 2. 2. 1. 3. 3. 3. 2. 3. 2. 3. 3. 2. 2. 3. 2. 3. 2.
 3. 3. 2. 3. 3. 3. 3. 3. 3. 2. 3. 3. 3. 2. 2. 3. 3. 3. 2. 3. 2. 3. 3. 3.
 3. 2. 3. 3. 3. 2. 1. 3. 3. 2. 3. 2. 3. 3. 3. 3. 3. 3. 3. 3. 3. 2. 3. 3.
 3. 3. 3. 3. 3. 3. 3. 3. 2. 3. 3. 2. 3. 2. 3. 1. 3. 3. 2. 3. 2. 3. 3. 3.
 2. 2. 2. 2. 3. 2. 3. 3. 3. 3. 3. 2. 3. 2. 3. 3. 3. 3. 3. 3. 2. 3. 2. 3.
 3. 3. 2. 2. 3. 3. 2. 3. 2. 3. 2. 2. 3. 3. 3. 3. 3. 2. 3. 3. 3. 3. 3. 2.
 3. 3. 2. 3. 2. 3. 2. 3. 3. 3. 3. 3. 2. 3. 2. 2. 3. 2. 3. 2. 2. 1. 3. 2.
 3. 2. 3. 3. 3. 3. 3. 3. 3. 2. 3. 2. 3. 2. 3. 3. 3. 3. 3. 3. 3. 3. 3. 3.
 2. 3. 3. 2. 3. 3. 3. 3. 2. 3. 2. 2. 3. 3. 3. 3. 2. 3. 3. 3. 2. 3. 3. 2.
 3. 3. 3. 2. 3. 2. 2. 3. 3. 3. 3. 3. 3. 3. 3. 2. 2. 3. 2. 2. 3. 2. 2. 2.
 2. 3. 2. 3. 2. 2. 3. 3. 3. 3. 3. 2. 3. 3. 3. 3. 3. 3. 3. 2. 3. 3. 2. 3.
 3. 1. 3. 3. 3. 2. 2. 3. 3. 3. 3. 3. 2. 3. 2. 2. 3. 3. 3. 3. 2. 3. 3. 3.
 3. 3. 3. 3. 3. 3. 3. 1. 3. 3. 2. 3. 3. 3. 3. 2. 3. 3. 2. 3. 3. 3. 2.]

nJets_Bottom:
WW:
336 events with <4 jets: [1. 3. 3. 2. 3. 3. 1. 2. 3. 3. 3. 3. 3. 3. 3. 3. 3. 3. 2. 3. 3. 2. 3. 3.
 3. 3. 3. 3. 3. 3. 3. 3. 3. 2. 3. 2. 3. 3. 2. 2. 3. 3. 3. 3. 2. 3. 3. 3.
 2. 2. 3. 3. 3. 2. 2. 3. 3. 3. 2. 3. 3. 3. 2. 3. 3. 2. 2. 2. 3. 3. 2. 3.
 3. 2. 3. 3. 2. 3. 2. 2. 3. 3. 2. 2. 3. 3. 2. 3. 3. 2. 3. 3. 3. 3. 3. 3.
 3. 3. 3. 2. 3. 2. 3. 3. 3. 3. 3. 3. 3. 3. 1. 3. 3. 3. 3. 3. 3. 2. 3. 3.
 3. 3. 2. 3. 2. 3. 3. 2. 3. 3. 3. 3. 3. 3. 3. 3. 3. 2. 3. 3. 3. 3. 3. 3.
 3. 2. 3. 3. 2. 2. 2. 3. 3. 3. 3. 3. 3. 3. 2. 3. 2. 3. 3. 3. 2. 3. 2. 2.
 3. 3. 3. 2. 3. 3. 3. 2. 1. 3. 3. 3. 3. 1. 3. 3. 3. 3. 2. 3. 3. 3. 2. 2.
 3. 3. 1. 3. 3. 2. 3. 3. 3. 3. 3. 3. 3. 2. 2. 3. 3. 3. 2. 3. 3. 3. 2. 3.
 2. 3. 3. 3. 3. 3. 3. 2. 3. 3. 3. 3. 3. 3. 3. 3. 3. 3. 3. 3. 3. 3. 3. 3.
 2. 3. 3. 3. 2. 3. 3. 2. 3. 2. 1. 2. 3. 3. 3. 3. 3. 2. 3. 2. 3. 3. 3. 3.
 3. 3. 2. 3. 3. 2. 3. 3. 2. 2. 3. 3. 2. 3. 2. 2. 2. 3. 3. 1. 3. 3. 3. 2.
 2. 3. 3. 3. 3. 2. 3. 3. 3. 3. 3. 2. 3. 3. 3. 3. 2. 3. 3. 3. 3. 2. 3. 3.
 2. 3. 3. 2. 3. 3. 3. 3. 3. 2. 3. 3. 3. 3. 3. 3. 3. 3. 3. 3. 3. 3. 3. 2.]
ZZ:
225 events with <4 jets: [2. 3. 2. 3. 3. 3. 3. 3. 3. 3. 2. 3. 3. 3. 3. 3. 2. 3. 3. 3. 3. 3. 1. 3.
 3. 3. 3. 3. 3. 3. 3. 3. 3. 2. 3. 2. 3. 2. 3. 3. 3. 3. 3. 3. 2. 2. 3. 3.
 2. 2. 3. 3. 2. 3. 2. 3. 3. 3. 3. 3. 2. 3. 3. 3. 2. 3. 3. 2. 3. 3. 3. 3.
 1. 3. 3. 3. 2. 2. 2. 3. 3. 2. 3. 3. 2. 2. 3. 2. 3. 3. 3. 2. 2. 3. 2. 3.
 3. 3. 2. 2. 2. 2. 3. 1. 3. 3. 3. 3. 3. 3. 2. 3. 2. 3. 3. 1. 3. 3. 3. 3.
 3. 3. 3. 3. 3. 3. 3. 3. 3. 3. 2. 3. 3. 3. 3. 2. 2. 2. 3. 3. 2. 3. 3. 3.
 2. 3. 3. 3. 3. 3. 3. 3. 3. 3. 2. 3. 3. 3. 2. 2. 3. 3. 3. 3. 3. 2. 3. 3.
 3. 3. 3. 3. 2. 3. 2. 3. 2. 3. 3. 2. 3. 2. 3. 2. 3. 2. 3. 3. 3. 2. 3. 2.
 3. 3. 3. 2. 3. 3. 2. 3. 3. 3. 3. 2. 2. 3. 2. 3. 2. 3. 3. 3. 3. 3. 3. 3.
 2. 3. 3. 3. 3. 2. 2. 2. 3.]
HH:
266 events with <4 jets: [3. 3. 3. 3. 3. 1. 3. 3. 3. 3. 3. 3. 2. 3. 1. 3. 3. 3. 2. 3. 3. 3. 2. 3.
 2. 2. 3. 3. 2. 2. 3. 2. 2. 3. 3. 3. 1. 3. 3. 3. 3. 2. 3. 2. 2. 3. 3. 2.
 2. 2. 3. 2. 1. 3. 1. 3. 3. 2. 2. 1. 3. 3. 2. 3. 3. 2. 1. 3. 2. 3. 2. 2.
 3. 3. 3. 3. 2. 3. 3. 3. 3. 3. 3. 3. 3. 3. 3. 3. 2. 3. 2. 1. 3. 3. 3. 3.
 2. 3. 3. 3. 2. 3. 3. 2. 2. 3. 3. 2. 3. 3. 2. 3. 2. 3. 2. 3. 3. 2. 1. 3.
 3. 3. 2. 3. 3. 3. 2. 3. 3. 3. 3. 2. 3. 3. 3. 1. 3. 3. 2. 3. 3. 3. 3. 1.
 3. 3. 3. 3. 3. 3. 3. 3. 3. 3. 2. 3. 3. 3. 3. 3. 2. 2. 2. 3. 3. 3. 3. 3.
 3. 3. 3. 3. 3. 3. 2. 3. 3. 3. 3. 3. 2. 2. 3. 3. 3. 3. 1. 3. 3. 3. 3. 2.
 2. 3. 2. 3. 2. 2. 3. 3. 2. 3. 3. 3. 2. 3. 3. 2. 3. 2. 2. 3. 3. 3. 2. 3.
 1. 3. 2. 3. 3. 3. 2. 3. 3. 1. 3. 2. 3. 3. 2. 3. 2. 3. 3. 2. 3. 2. 2. 3.
 1. 3. 3. 2. 3. 2. 3. 3. 3. 3. 2. 3. 2. 3. 3. 3. 3. 3. 2. 3. 3. 3. 2. 3.
 2. 3.]
TT:
1001 events with <4 jets: [3. 3. 3. ... 3. 1. 3.]
BB:
693 events with <4 jets: [3. 3. 3. 2. 3. 3. 3. 3. 3. 3. 2. 3. 2. 3. 2. 3. 3. 3. 3. 1. 3. 3. 1. 1.
 3. 3. 3. 3. 2. 2. 3. 3. 3. 2. 3. 3. 3. 1. 3. 3. 2. 2. 3. 3. 3. 2. 3. 3.
 3. 3. 2. 2. 3. 3. 3. 2. 2. 3. 3. 3. 3. 3. 3. 3. 2. 3. 3. 1. 3. 3. 2. 3.
 3. 2. 3. 3. 2. 3. 3. 3. 3. 3. 3. 3. 3. 3. 3. 3. 3. 3. 3. 3. 3. 2. 3. 3.
 3. 1. 2. 3. 3. 3. 3. 3. 3. 3. 2. 3. 3. 2. 3. 3. 3. 3. 3. 3. 3. 2. 3. 3.
 2. 3. 2. 2. 3. 3. 3. 3. 2. 3. 3. 3. 1. 3. 3. 3. 2. 3. 1. 2. 3. 3. 3. 2.
 2. 3. 2. 3. 3. 2. 2. 3. 3. 3. 1. 3. 3. 3. 2. 2. 2. 2. 2. 3. 3. 3. 2. 2.
 3. 3. 2. 3. 3. 2. 2. 3. 3. 3. 2. 3. 2. 2. 3. 3. 3. 3. 2. 3. 3. 3. 2. 3.
 3. 3. 3. 3. 3. 3. 2. 3. 1. 2. 2. 3. 2. 3. 2. 3. 2. 3. 2. 2. 3. 3. 2. 2.
 3. 3. 3. 3. 2. 3. 2. 3. 3. 2. 3. 2. 2. 1. 3. 3. 3. 3. 3. 3. 3. 3. 3. 3.
 3. 2. 3. 3. 3. 3. 3. 3. 3. 3. 3. 2. 2. 3. 3. 3. 3. 1. 3. 3. 3. 1. 3. 3.
 3. 2. 3. 3. 3. 3. 1. 3. 2. 3. 2. 3. 3. 2. 3. 3. 1. 3. 3. 3. 3. 3. 3. 3.
 3. 3. 3. 3. 2. 2. 3. 3. 3. 3. 2. 2. 3. 3. 3. 3. 3. 2. 3. 3. 3. 3. 3. 2.
 3. 3. 3. 3. 2. 2. 2. 2. 3. 3. 2. 3. 2. 2. 2. 2. 3. 3. 3. 3. 3. 2. 2. 3.
 2. 3. 3. 2. 2. 2. 3. 3. 2. 3. 3. 3. 3. 3. 3. 2. 3. 2. 2. 2. 3. 3. 3. 2.
 2. 3. 3. 2. 2. 3. 3. 3. 3. 3. 2. 2. 3. 3. 3. 3. 3. 3. 2. 3. 3. 3. 2. 3.
 2. 3. 3. 3. 3. 2. 3. 3. 3. 3. 3. 3. 2. 1. 3. 3. 2. 3. 3. 3. 2. 3. 3. 1.
 3. 2. 3. 3. 3. 3. 3. 2. 2. 3. 1. 3. 2. 3. 2. 2. 2. 3. 2. 3. 2. 2. 2. 1.
 2. 3. 3. 3. 3. 3. 2. 2. 2. 3. 2. 3. 3. 3. 3. 3. 3. 3. 3. 3. 3. 3. 3. 3.
 2. 3. 3. 1. 3. 1. 2. 3. 2. 1. 3. 2. 2. 2. 3. 3. 3. 3. 3. 2. 3. 3. 3. 3.
 3. 1. 2. 3. 2. 3. 2. 2. 3. 3. 3. 2. 3. 3. 3. 3. 2. 2. 2. 3. 2. 3. 3. 2.
 2. 3. 3. 2. 3. 3. 3. 3. 3. 3. 3. 3. 3. 3. 3. 3. 3. 3. 2. 3. 2. 3. 2. 3.
 2. 3. 3. 3. 3. 2. 2. 3. 3. 3. 3. 3. 3. 3. 3. 2. 3. 2. 3. 3. 3. 3. 3. 3.
 2. 2. 3. 3. 2. 3. 2. 3. 3. 3. 3. 3. 3. 1. 3. 3. 3. 3. 1. 3. 3. 2. 3. 3.
 2. 2. 3. 3. 3. 3. 1. 3. 3. 2. 2. 2. 3. 2. 3. 2. 3. 3. 3. 3. 2. 3. 1. 3.
 3. 3. 2. 1. 3. 2. 2. 3. 3. 3. 2. 3. 3. 2. 3. 3. 3. 3. 3. 2. 3. 3. 3. 3.
 3. 3. 3. 3. 3. 3. 3. 3. 2. 3. 3. 2. 3. 3. 3. 3. 2. 3. 3. 2. 3. 2. 3. 3.
 3. 3. 3. 1. 2. 2. 3. 3. 3. 1. 3. 3. 3. 3. 2. 3. 3. 2. 2. 2. 3. 3. 2. 2.
 3. 3. 2. 2. 3. 3. 2. 3. 3. 2. 3. 2. 1. 3. 3. 3. 3. 2. 3. 2. 2.]
QCD:
575 events with <4 jets: [3. 3. 3. 3. 2. 3. 2. 3. 2. 1. 3. 1. 3. 3. 3. 2. 2. 3. 3. 3. 3. 3. 3. 3.
 3. 3. 3. 3. 3. 3. 3. 3. 2. 2. 2. 2. 3. 3. 3. 2. 2. 3. 3. 3. 3. 2. 3. 3.
 3. 3. 1. 2. 3. 3. 2. 3. 3. 3. 3. 2. 3. 3. 2. 3. 3. 3. 2. 1. 3. 2. 3. 3.
 2. 3. 3. 3. 3. 1. 2. 2. 3. 2. 3. 3. 3. 2. 3. 2. 3. 2. 3. 1. 3. 3. 2. 3.
 3. 3. 3. 3. 2. 3. 3. 2. 3. 3. 3. 3. 3. 3. 3. 2. 3. 2. 3. 2. 3. 3. 3. 3.
 2. 3. 1. 3. 2. 2. 2. 2. 2. 1. 3. 3. 2. 2. 3. 2. 3. 3. 1. 1. 3. 2. 3. 3.
 3. 3. 3. 3. 3. 3. 3. 3. 2. 3. 2. 3. 3. 3. 3. 2. 1. 3. 3. 3. 2. 2. 3. 1.
 2. 3. 3. 2. 3. 3. 2. 3. 3. 2. 3. 3. 3. 3. 2. 3. 2. 3. 2. 3. 3. 3. 3. 3.
 3. 3. 3. 2. 2. 2. 3. 3. 2. 3. 3. 3. 3. 3. 3. 3. 3. 1. 2. 2. 3. 2. 3. 3.
 3. 2. 3. 3. 3. 3. 3. 3. 2. 3. 3. 3. 2. 3. 3. 2. 2. 2. 3. 3. 3. 3. 3. 1.
 3. 1. 3. 2. 3. 1. 3. 2. 3. 3. 3. 3. 2. 2. 2. 3. 2. 3. 2. 3. 3. 2. 2. 3.
 3. 3. 3. 2. 3. 2. 2. 2. 2. 1. 3. 3. 3. 2. 3. 2. 3. 3. 2. 2. 3. 2. 3. 2.
 3. 3. 2. 3. 3. 3. 3. 3. 3. 2. 3. 3. 3. 2. 2. 3. 3. 3. 2. 3. 2. 3. 3. 3.
 3. 2. 3. 3. 3. 2. 1. 3. 3. 2. 3. 2. 3. 3. 3. 3. 3. 3. 3. 3. 3. 2. 3. 3.
 3. 3. 3. 3. 3. 3. 3. 3. 2. 3. 3. 2. 3. 2. 3. 1. 3. 3. 2. 3. 2. 3. 3. 3.
 2. 2. 2. 2. 3. 2. 3. 3. 3. 3. 3. 2. 3. 2. 3. 3. 3. 3. 3. 3. 2. 3. 2. 3.
 3. 3. 2. 2. 3. 3. 2. 3. 2. 3. 2. 2. 3. 3. 3. 3. 3. 2. 3. 3. 3. 3. 3. 2.
 3. 3. 2. 3. 2. 3. 2. 3. 3. 3. 3. 3. 2. 3. 2. 2. 3. 2. 3. 2. 2. 1. 3. 2.
 3. 2. 3. 3. 3. 3. 3. 3. 3. 2. 3. 2. 3. 2. 3. 3. 3. 3. 3. 3. 3. 3. 3. 3.
 2. 3. 3. 2. 3. 3. 3. 3. 2. 3. 2. 2. 3. 3. 3. 3. 2. 3. 3. 3. 2. 3. 3. 2.
 3. 3. 3. 2. 3. 2. 2. 3. 3. 3. 3. 3. 3. 3. 3. 2. 2. 3. 2. 2. 3. 2. 2. 2.
 2. 3. 2. 3. 2. 2. 3. 3. 3. 3. 3. 2. 3. 3. 3. 3. 3. 3. 3. 2. 3. 3. 2. 3.
 3. 1. 3. 3. 3. 2. 2. 3. 3. 3. 3. 3. 2. 3. 2. 2. 3. 3. 3. 3. 2. 3. 3. 3.
 3. 3. 3. 3. 3. 3. 3. 1. 3. 3. 2. 3. 3. 3. 3. 2. 3. 3. 2. 3. 3. 3. 2.]

nJets_Higgs:
WW:
336 events with <4 jets: [1. 3. 3. 2. 3. 3. 1. 2. 3. 3. 3. 3. 3. 3. 3. 3. 3. 3. 2. 3. 3. 2. 3. 3.
 3. 3. 3. 3. 3. 3. 3. 3. 3. 2. 3. 2. 3. 3. 2. 2. 3. 3. 3. 3. 2. 3. 3. 3.
 2. 2. 3. 3. 3. 2. 2. 3. 3. 3. 2. 3. 3. 3. 2. 3. 3. 2. 2. 2. 3. 3. 2. 3.
 3. 2. 3. 3. 2. 3. 2. 2. 3. 3. 2. 2. 3. 3. 2. 3. 3. 2. 3. 3. 3. 3. 3. 3.
 3. 3. 3. 2. 3. 2. 3. 3. 3. 3. 3. 3. 3. 3. 1. 3. 3. 3. 3. 3. 3. 2. 3. 3.
 3. 3. 2. 3. 2. 3. 3. 2. 3. 3. 3. 3. 3. 3. 3. 3. 3. 2. 3. 3. 3. 3. 3. 3.
 3. 2. 3. 3. 2. 2. 2. 3. 3. 3. 3. 3. 3. 3. 2. 3. 2. 3. 3. 3. 2. 3. 2. 2.
 3. 3. 3. 2. 3. 3. 3. 2. 1. 3. 3. 3. 3. 1. 3. 3. 3. 3. 2. 3. 3. 3. 2. 2.
 3. 3. 1. 3. 3. 2. 3. 3. 3. 3. 3. 3. 3. 2. 2. 3. 3. 3. 2. 3. 3. 3. 2. 3.
 2. 3. 3. 3. 3. 3. 3. 2. 3. 3. 3. 3. 3. 3. 3. 3. 3. 3. 3. 3. 3. 3. 3. 3.
 2. 3. 3. 3. 2. 3. 3. 2. 3. 2. 1. 2. 3. 3. 3. 3. 3. 2. 3. 2. 3. 3. 3. 3.
 3. 3. 2. 3. 3. 2. 3. 3. 2. 2. 3. 3. 2. 3. 2. 2. 2. 3. 3. 1. 3. 3. 3. 2.
 2. 3. 3. 3. 3. 2. 3. 3. 3. 3. 3. 2. 3. 3. 3. 3. 2. 3. 3. 3. 3. 2. 3. 3.
 2. 3. 3. 2. 3. 3. 3. 3. 3. 2. 3. 3. 3. 3. 3. 3. 3. 3. 3. 3. 3. 3. 3. 2.]
ZZ:
225 events with <4 jets: [2. 3. 2. 3. 3. 3. 3. 3. 3. 3. 2. 3. 3. 3. 3. 3. 2. 3. 3. 3. 3. 3. 1. 3.
 3. 3. 3. 3. 3. 3. 3. 3. 3. 2. 3. 2. 3. 2. 3. 3. 3. 3. 3. 3. 2. 2. 3. 3.
 2. 2. 3. 3. 2. 3. 2. 3. 3. 3. 3. 3. 2. 3. 3. 3. 2. 3. 3. 2. 3. 3. 3. 3.
 1. 3. 3. 3. 2. 2. 2. 3. 3. 2. 3. 3. 2. 2. 3. 2. 3. 3. 3. 2. 2. 3. 2. 3.
 3. 3. 2. 2. 2. 2. 3. 1. 3. 3. 3. 3. 3. 3. 2. 3. 2. 3. 3. 1. 3. 3. 3. 3.
 3. 3. 3. 3. 3. 3. 3. 3. 3. 3. 2. 3. 3. 3. 3. 2. 2. 2. 3. 3. 2. 3. 3. 3.
 2. 3. 3. 3. 3. 3. 3. 3. 3. 3. 2. 3. 3. 3. 2. 2. 3. 3. 3. 3. 3. 2. 3. 3.
 3. 3. 3. 3. 2. 3. 2. 3. 2. 3. 3. 2. 3. 2. 3. 2. 3. 2. 3. 3. 3. 2. 3. 2.
 3. 3. 3. 2. 3. 3. 2. 3. 3. 3. 3. 2. 2. 3. 2. 3. 2. 3. 3. 3. 3. 3. 3. 3.
 2. 3. 3. 3. 3. 2. 2. 2. 3.]
HH:
266 events with <4 jets: [3. 3. 3. 3. 3. 1. 3. 3. 3. 3. 3. 3. 2. 3. 1. 3. 3. 3. 2. 3. 3. 3. 2. 3.
 2. 2. 3. 3. 2. 2. 3. 2. 2. 3. 3. 3. 1. 3. 3. 3. 3. 2. 3. 2. 2. 3. 3. 2.
 2. 2. 3. 2. 1. 3. 1. 3. 3. 2. 2. 1. 3. 3. 2. 3. 3. 2. 1. 3. 2. 3. 2. 2.
 3. 3. 3. 3. 2. 3. 3. 3. 3. 3. 3. 3. 3. 3. 3. 3. 2. 3. 2. 1. 3. 3. 3. 3.
 2. 3. 3. 3. 2. 3. 3. 2. 2. 3. 3. 2. 3. 3. 2. 3. 2. 3. 2. 3. 3. 2. 1. 3.
 3. 3. 2. 3. 3. 3. 2. 3. 3. 3. 3. 2. 3. 3. 3. 1. 3. 3. 2. 3. 3. 3. 3. 1.
 3. 3. 3. 3. 3. 3. 3. 3. 3. 3. 2. 3. 3. 3. 3. 3. 2. 2. 2. 3. 3. 3. 3. 3.
 3. 3. 3. 3. 3. 3. 2. 3. 3. 3. 3. 3. 2. 2. 3. 3. 3. 3. 1. 3. 3. 3. 3. 2.
 2. 3. 2. 3. 2. 2. 3. 3. 2. 3. 3. 3. 2. 3. 3. 2. 3. 2. 2. 3. 3. 3. 2. 3.
 1. 3. 2. 3. 3. 3. 2. 3. 3. 1. 3. 2. 3. 3. 2. 3. 2. 3. 3. 2. 3. 2. 2. 3.
 1. 3. 3. 2. 3. 2. 3. 3. 3. 3. 2. 3. 2. 3. 3. 3. 3. 3. 2. 3. 3. 3. 2. 3.
 2. 3.]
TT:
1001 events with <4 jets: [3. 3. 3. ... 3. 1. 3.]
BB:
693 events with <4 jets: [3. 3. 3. 2. 3. 3. 3. 3. 3. 3. 2. 3. 2. 3. 2. 3. 3. 3. 3. 1. 3. 3. 1. 1.
 3. 3. 3. 3. 2. 2. 3. 3. 3. 2. 3. 3. 3. 1. 3. 3. 2. 2. 3. 3. 3. 2. 3. 3.
 3. 3. 2. 2. 3. 3. 3. 2. 2. 3. 3. 3. 3. 3. 3. 3. 2. 3. 3. 1. 3. 3. 2. 3.
 3. 2. 3. 3. 2. 3. 3. 3. 3. 3. 3. 3. 3. 3. 3. 3. 3. 3. 3. 3. 3. 2. 3. 3.
 3. 1. 2. 3. 3. 3. 3. 3. 3. 3. 2. 3. 3. 2. 3. 3. 3. 3. 3. 3. 3. 2. 3. 3.
 2. 3. 2. 2. 3. 3. 3. 3. 2. 3. 3. 3. 1. 3. 3. 3. 2. 3. 1. 2. 3. 3. 3. 2.
 2. 3. 2. 3. 3. 2. 2. 3. 3. 3. 1. 3. 3. 3. 2. 2. 2. 2. 2. 3. 3. 3. 2. 2.
 3. 3. 2. 3. 3. 2. 2. 3. 3. 3. 2. 3. 2. 2. 3. 3. 3. 3. 2. 3. 3. 3. 2. 3.
 3. 3. 3. 3. 3. 3. 2. 3. 1. 2. 2. 3. 2. 3. 2. 3. 2. 3. 2. 2. 3. 3. 2. 2.
 3. 3. 3. 3. 2. 3. 2. 3. 3. 2. 3. 2. 2. 1. 3. 3. 3. 3. 3. 3. 3. 3. 3. 3.
 3. 2. 3. 3. 3. 3. 3. 3. 3. 3. 3. 2. 2. 3. 3. 3. 3. 1. 3. 3. 3. 1. 3. 3.
 3. 2. 3. 3. 3. 3. 1. 3. 2. 3. 2. 3. 3. 2. 3. 3. 1. 3. 3. 3. 3. 3. 3. 3.
 3. 3. 3. 3. 2. 2. 3. 3. 3. 3. 2. 2. 3. 3. 3. 3. 3. 2. 3. 3. 3. 3. 3. 2.
 3. 3. 3. 3. 2. 2. 2. 2. 3. 3. 2. 3. 2. 2. 2. 2. 3. 3. 3. 3. 3. 2. 2. 3.
 2. 3. 3. 2. 2. 2. 3. 3. 2. 3. 3. 3. 3. 3. 3. 2. 3. 2. 2. 2. 3. 3. 3. 2.
 2. 3. 3. 2. 2. 3. 3. 3. 3. 3. 2. 2. 3. 3. 3. 3. 3. 3. 2. 3. 3. 3. 2. 3.
 2. 3. 3. 3. 3. 2. 3. 3. 3. 3. 3. 3. 2. 1. 3. 3. 2. 3. 3. 3. 2. 3. 3. 1.
 3. 2. 3. 3. 3. 3. 3. 2. 2. 3. 1. 3. 2. 3. 2. 2. 2. 3. 2. 3. 2. 2. 2. 1.
 2. 3. 3. 3. 3. 3. 2. 2. 2. 3. 2. 3. 3. 3. 3. 3. 3. 3. 3. 3. 3. 3. 3. 3.
 2. 3. 3. 1. 3. 1. 2. 3. 2. 1. 3. 2. 2. 2. 3. 3. 3. 3. 3. 2. 3. 3. 3. 3.
 3. 1. 2. 3. 2. 3. 2. 2. 3. 3. 3. 2. 3. 3. 3. 3. 2. 2. 2. 3. 2. 3. 3. 2.
 2. 3. 3. 2. 3. 3. 3. 3. 3. 3. 3. 3. 3. 3. 3. 3. 3. 3. 2. 3. 2. 3. 2. 3.
 2. 3. 3. 3. 3. 2. 2. 3. 3. 3. 3. 3. 3. 3. 3. 2. 3. 2. 3. 3. 3. 3. 3. 3.
 2. 2. 3. 3. 2. 3. 2. 3. 3. 3. 3. 3. 3. 1. 3. 3. 3. 3. 1. 3. 3. 2. 3. 3.
 2. 2. 3. 3. 3. 3. 1. 3. 3. 2. 2. 2. 3. 2. 3. 2. 3. 3. 3. 3. 2. 3. 1. 3.
 3. 3. 2. 1. 3. 2. 2. 3. 3. 3. 2. 3. 3. 2. 3. 3. 3. 3. 3. 2. 3. 3. 3. 3.
 3. 3. 3. 3. 3. 3. 3. 3. 2. 3. 3. 2. 3. 3. 3. 3. 2. 3. 3. 2. 3. 2. 3. 3.
 3. 3. 3. 1. 2. 2. 3. 3. 3. 1. 3. 3. 3. 3. 2. 3. 3. 2. 2. 2. 3. 3. 2. 2.
 3. 3. 2. 2. 3. 3. 2. 3. 3. 2. 3. 2. 1. 3. 3. 3. 3. 2. 3. 2. 2.]
QCD:
575 events with <4 jets: [3. 3. 3. 3. 2. 3. 2. 3. 2. 1. 3. 1. 3. 3. 3. 2. 2. 3. 3. 3. 3. 3. 3. 3.
 3. 3. 3. 3. 3. 3. 3. 3. 2. 2. 2. 2. 3. 3. 3. 2. 2. 3. 3. 3. 3. 2. 3. 3.
 3. 3. 1. 2. 3. 3. 2. 3. 3. 3. 3. 2. 3. 3. 2. 3. 3. 3. 2. 1. 3. 2. 3. 3.
 2. 3. 3. 3. 3. 1. 2. 2. 3. 2. 3. 3. 3. 2. 3. 2. 3. 2. 3. 1. 3. 3. 2. 3.
 3. 3. 3. 3. 2. 3. 3. 2. 3. 3. 3. 3. 3. 3. 3. 2. 3. 2. 3. 2. 3. 3. 3. 3.
 2. 3. 1. 3. 2. 2. 2. 2. 2. 1. 3. 3. 2. 2. 3. 2. 3. 3. 1. 1. 3. 2. 3. 3.
 3. 3. 3. 3. 3. 3. 3. 3. 2. 3. 2. 3. 3. 3. 3. 2. 1. 3. 3. 3. 2. 2. 3. 1.
 2. 3. 3. 2. 3. 3. 2. 3. 3. 2. 3. 3. 3. 3. 2. 3. 2. 3. 2. 3. 3. 3. 3. 3.
 3. 3. 3. 2. 2. 2. 3. 3. 2. 3. 3. 3. 3. 3. 3. 3. 3. 1. 2. 2. 3. 2. 3. 3.
 3. 2. 3. 3. 3. 3. 3. 3. 2. 3. 3. 3. 2. 3. 3. 2. 2. 2. 3. 3. 3. 3. 3. 1.
 3. 1. 3. 2. 3. 1. 3. 2. 3. 3. 3. 3. 2. 2. 2. 3. 2. 3. 2. 3. 3. 2. 2. 3.
 3. 3. 3. 2. 3. 2. 2. 2. 2. 1. 3. 3. 3. 2. 3. 2. 3. 3. 2. 2. 3. 2. 3. 2.
 3. 3. 2. 3. 3. 3. 3. 3. 3. 2. 3. 3. 3. 2. 2. 3. 3. 3. 2. 3. 2. 3. 3. 3.
 3. 2. 3. 3. 3. 2. 1. 3. 3. 2. 3. 2. 3. 3. 3. 3. 3. 3. 3. 3. 3. 2. 3. 3.
 3. 3. 3. 3. 3. 3. 3. 3. 2. 3. 3. 2. 3. 2. 3. 1. 3. 3. 2. 3. 2. 3. 3. 3.
 2. 2. 2. 2. 3. 2. 3. 3. 3. 3. 3. 2. 3. 2. 3. 3. 3. 3. 3. 3. 2. 3. 2. 3.
 3. 3. 2. 2. 3. 3. 2. 3. 2. 3. 2. 2. 3. 3. 3. 3. 3. 2. 3. 3. 3. 3. 3. 2.
 3. 3. 2. 3. 2. 3. 2. 3. 3. 3. 3. 3. 2. 3. 2. 2. 3. 2. 3. 2. 2. 1. 3. 2.
 3. 2. 3. 3. 3. 3. 3. 3. 3. 2. 3. 2. 3. 2. 3. 3. 3. 3. 3. 3. 3. 3. 3. 3.
 2. 3. 3. 2. 3. 3. 3. 3. 2. 3. 2. 2. 3. 3. 3. 3. 2. 3. 3. 3. 2. 3. 3. 2.
 3. 3. 3. 2. 3. 2. 2. 3. 3. 3. 3. 3. 3. 3. 3. 2. 2. 3. 2. 2. 3. 2. 2. 2.
 2. 3. 2. 3. 2. 2. 3. 3. 3. 3. 3. 2. 3. 3. 3. 3. 3. 3. 3. 2. 3. 3. 2. 3.
 3. 1. 3. 3. 3. 2. 2. 3. 3. 3. 3. 3. 2. 3. 2. 2. 3. 3. 3. 3. 2. 3. 3. 3.
 3. 3. 3. 3. 3. 3. 3. 1. 3. 3. 2. 3. 3. 3. 3. 2. 3. 3. 2. 3. 3. 3. 2.]

nJets_Top:
WW:
336 events with <4 jets: [1. 3. 3. 2. 3. 3. 1. 2. 3. 3. 3. 3. 3. 3. 3. 3. 3. 3. 2. 3. 3. 2. 3. 3.
 3. 3. 3. 3. 3. 3. 3. 3. 3. 2. 3. 2. 3. 3. 2. 2. 3. 3. 3. 3. 2. 3. 3. 3.
 2. 2. 3. 3. 3. 2. 2. 3. 3. 3. 2. 3. 3. 3. 2. 3. 3. 2. 2. 2. 3. 3. 2. 3.
 3. 2. 3. 3. 2. 3. 2. 2. 3. 3. 2. 2. 3. 3. 2. 3. 3. 2. 3. 3. 3. 3. 3. 3.
 3. 3. 3. 2. 3. 2. 3. 3. 3. 3. 3. 3. 3. 3. 1. 3. 3. 3. 3. 3. 3. 2. 3. 3.
 3. 3. 2. 3. 2. 3. 3. 2. 3. 3. 3. 3. 3. 3. 3. 3. 3. 2. 3. 3. 3. 3. 3. 3.
 3. 2. 3. 3. 2. 2. 2. 3. 3. 3. 3. 3. 3. 3. 2. 3. 2. 3. 3. 3. 2. 3. 2. 2.
 3. 3. 3. 2. 3. 3. 3. 2. 1. 3. 3. 3. 3. 1. 3. 3. 3. 3. 2. 3. 3. 3. 2. 2.
 3. 3. 1. 3. 3. 2. 3. 3. 3. 3. 3. 3. 3. 2. 2. 3. 3. 3. 2. 3. 3. 3. 2. 3.
 2. 3. 3. 3. 3. 3. 3. 2. 3. 3. 3. 3. 3. 3. 3. 3. 3. 3. 3. 3. 3. 3. 3. 3.
 2. 3. 3. 3. 2. 3. 3. 2. 3. 2. 1. 2. 3. 3. 3. 3. 3. 2. 3. 2. 3. 3. 3. 3.
 3. 3. 2. 3. 3. 2. 3. 3. 2. 2. 3. 3. 2. 3. 2. 2. 2. 3. 3. 1. 3. 3. 3. 2.
 2. 3. 3. 3. 3. 2. 3. 3. 3. 3. 3. 2. 3. 3. 3. 3. 2. 3. 3. 3. 3. 2. 3. 3.
 2. 3. 3. 2. 3. 3. 3. 3. 3. 2. 3. 3. 3. 3. 3. 3. 3. 3. 3. 3. 3. 3. 3. 2.]
ZZ:
225 events with <4 jets: [2. 3. 2. 3. 3. 3. 3. 3. 3. 3. 2. 3. 3. 3. 3. 3. 2. 3. 3. 3. 3. 3. 1. 3.
 3. 3. 3. 3. 3. 3. 3. 3. 3. 2. 3. 2. 3. 2. 3. 3. 3. 3. 3. 3. 2. 2. 3. 3.
 2. 2. 3. 3. 2. 3. 2. 3. 3. 3. 3. 3. 2. 3. 3. 3. 2. 3. 3. 2. 3. 3. 3. 3.
 1. 3. 3. 3. 2. 2. 2. 3. 3. 2. 3. 3. 2. 2. 3. 2. 3. 3. 3. 2. 2. 3. 2. 3.
 3. 3. 2. 2. 2. 2. 3. 1. 3. 3. 3. 3. 3. 3. 2. 3. 2. 3. 3. 1. 3. 3. 3. 3.
 3. 3. 3. 3. 3. 3. 3. 3. 3. 3. 2. 3. 3. 3. 3. 2. 2. 2. 3. 3. 2. 3. 3. 3.
 2. 3. 3. 3. 3. 3. 3. 3. 3. 3. 2. 3. 3. 3. 2. 2. 3. 3. 3. 3. 3. 2. 3. 3.
 3. 3. 3. 3. 2. 3. 2. 3. 2. 3. 3. 2. 3. 2. 3. 2. 3. 2. 3. 3. 3. 2. 3. 2.
 3. 3. 3. 2. 3. 3. 2. 3. 3. 3. 3. 2. 2. 3. 2. 3. 2. 3. 3. 3. 3. 3. 3. 3.
 2. 3. 3. 3. 3. 2. 2. 2. 3.]
HH:
266 events with <4 jets: [3. 3. 3. 3. 3. 1. 3. 3. 3. 3. 3. 3. 2. 3. 1. 3. 3. 3. 2. 3. 3. 3. 2. 3.
 2. 2. 3. 3. 2. 2. 3. 2. 2. 3. 3. 3. 1. 3. 3. 3. 3. 2. 3. 2. 2. 3. 3. 2.
 2. 2. 3. 2. 1. 3. 1. 3. 3. 2. 2. 1. 3. 3. 2. 3. 3. 2. 1. 3. 2. 3. 2. 2.
 3. 3. 3. 3. 2. 3. 3. 3. 3. 3. 3. 3. 3. 3. 3. 3. 2. 3. 2. 1. 3. 3. 3. 3.
 2. 3. 3. 3. 2. 3. 3. 2. 2. 3. 3. 2. 3. 3. 2. 3. 2. 3. 2. 3. 3. 2. 1. 3.
 3. 3. 2. 3. 3. 3. 2. 3. 3. 3. 3. 2. 3. 3. 3. 1. 3. 3. 2. 3. 3. 3. 3. 1.
 3. 3. 3. 3. 3. 3. 3. 3. 3. 3. 2. 3. 3. 3. 3. 3. 2. 2. 2. 3. 3. 3. 3. 3.
 3. 3. 3. 3. 3. 3. 2. 3. 3. 3. 3. 3. 2. 2. 3. 3. 3. 3. 1. 3. 3. 3. 3. 2.
 2. 3. 2. 3. 2. 2. 3. 3. 2. 3. 3. 3. 2. 3. 3. 2. 3. 2. 2. 3. 3. 3. 2. 3.
 1. 3. 2. 3. 3. 3. 2. 3. 3. 1. 3. 2. 3. 3. 2. 3. 2. 3. 3. 2. 3. 2. 2. 3.
 1. 3. 3. 2. 3. 2. 3. 3. 3. 3. 2. 3. 2. 3. 3. 3. 3. 3. 2. 3. 3. 3. 2. 3.
 2. 3.]
TT:
1001 events with <4 jets: [3. 3. 3. ... 3. 1. 3.]
BB:
693 events with <4 jets: [3. 3. 3. 2. 3. 3. 3. 3. 3. 3. 2. 3. 2. 3. 2. 3. 3. 3. 3. 1. 3. 3. 1. 1.
 3. 3. 3. 3. 2. 2. 3. 3. 3. 2. 3. 3. 3. 1. 3. 3. 2. 2. 3. 3. 3. 2. 3. 3.
 3. 3. 2. 2. 3. 3. 3. 2. 2. 3. 3. 3. 3. 3. 3. 3. 2. 3. 3. 1. 3. 3. 2. 3.
 3. 2. 3. 3. 2. 3. 3. 3. 3. 3. 3. 3. 3. 3. 3. 3. 3. 3. 3. 3. 3. 2. 3. 3.
 3. 1. 2. 3. 3. 3. 3. 3. 3. 3. 2. 3. 3. 2. 3. 3. 3. 3. 3. 3. 3. 2. 3. 3.
 2. 3. 2. 2. 3. 3. 3. 3. 2. 3. 3. 3. 1. 3. 3. 3. 2. 3. 1. 2. 3. 3. 3. 2.
 2. 3. 2. 3. 3. 2. 2. 3. 3. 3. 1. 3. 3. 3. 2. 2. 2. 2. 2. 3. 3. 3. 2. 2.
 3. 3. 2. 3. 3. 2. 2. 3. 3. 3. 2. 3. 2. 2. 3. 3. 3. 3. 2. 3. 3. 3. 2. 3.
 3. 3. 3. 3. 3. 3. 2. 3. 1. 2. 2. 3. 2. 3. 2. 3. 2. 3. 2. 2. 3. 3. 2. 2.
 3. 3. 3. 3. 2. 3. 2. 3. 3. 2. 3. 2. 2. 1. 3. 3. 3. 3. 3. 3. 3. 3. 3. 3.
 3. 2. 3. 3. 3. 3. 3. 3. 3. 3. 3. 2. 2. 3. 3. 3. 3. 1. 3. 3. 3. 1. 3. 3.
 3. 2. 3. 3. 3. 3. 1. 3. 2. 3. 2. 3. 3. 2. 3. 3. 1. 3. 3. 3. 3. 3. 3. 3.
 3. 3. 3. 3. 2. 2. 3. 3. 3. 3. 2. 2. 3. 3. 3. 3. 3. 2. 3. 3. 3. 3. 3. 2.
 3. 3. 3. 3. 2. 2. 2. 2. 3. 3. 2. 3. 2. 2. 2. 2. 3. 3. 3. 3. 3. 2. 2. 3.
 2. 3. 3. 2. 2. 2. 3. 3. 2. 3. 3. 3. 3. 3. 3. 2. 3. 2. 2. 2. 3. 3. 3. 2.
 2. 3. 3. 2. 2. 3. 3. 3. 3. 3. 2. 2. 3. 3. 3. 3. 3. 3. 2. 3. 3. 3. 2. 3.
 2. 3. 3. 3. 3. 2. 3. 3. 3. 3. 3. 3. 2. 1. 3. 3. 2. 3. 3. 3. 2. 3. 3. 1.
 3. 2. 3. 3. 3. 3. 3. 2. 2. 3. 1. 3. 2. 3. 2. 2. 2. 3. 2. 3. 2. 2. 2. 1.
 2. 3. 3. 3. 3. 3. 2. 2. 2. 3. 2. 3. 3. 3. 3. 3. 3. 3. 3. 3. 3. 3. 3. 3.
 2. 3. 3. 1. 3. 1. 2. 3. 2. 1. 3. 2. 2. 2. 3. 3. 3. 3. 3. 2. 3. 3. 3. 3.
 3. 1. 2. 3. 2. 3. 2. 2. 3. 3. 3. 2. 3. 3. 3. 3. 2. 2. 2. 3. 2. 3. 3. 2.
 2. 3. 3. 2. 3. 3. 3. 3. 3. 3. 3. 3. 3. 3. 3. 3. 3. 3. 2. 3. 2. 3. 2. 3.
 2. 3. 3. 3. 3. 2. 2. 3. 3. 3. 3. 3. 3. 3. 3. 2. 3. 2. 3. 3. 3. 3. 3. 3.
 2. 2. 3. 3. 2. 3. 2. 3. 3. 3. 3. 3. 3. 1. 3. 3. 3. 3. 1. 3. 3. 2. 3. 3.
 2. 2. 3. 3. 3. 3. 1. 3. 3. 2. 2. 2. 3. 2. 3. 2. 3. 3. 3. 3. 2. 3. 1. 3.
 3. 3. 2. 1. 3. 2. 2. 3. 3. 3. 2. 3. 3. 2. 3. 3. 3. 3. 3. 2. 3. 3. 3. 3.
 3. 3. 3. 3. 3. 3. 3. 3. 2. 3. 3. 2. 3. 3. 3. 3. 2. 3. 3. 2. 3. 2. 3. 3.
 3. 3. 3. 1. 2. 2. 3. 3. 3. 1. 3. 3. 3. 3. 2. 3. 3. 2. 2. 2. 3. 3. 2. 2.
 3. 3. 2. 2. 3. 3. 2. 3. 3. 2. 3. 2. 1. 3. 3. 3. 3. 2. 3. 2. 2.]
QCD:
575 events with <4 jets: [3. 3. 3. 3. 2. 3. 2. 3. 2. 1. 3. 1. 3. 3. 3. 2. 2. 3. 3. 3. 3. 3. 3. 3.
 3. 3. 3. 3. 3. 3. 3. 3. 2. 2. 2. 2. 3. 3. 3. 2. 2. 3. 3. 3. 3. 2. 3. 3.
 3. 3. 1. 2. 3. 3. 2. 3. 3. 3. 3. 2. 3. 3. 2. 3. 3. 3. 2. 1. 3. 2. 3. 3.
 2. 3. 3. 3. 3. 1. 2. 2. 3. 2. 3. 3. 3. 2. 3. 2. 3. 2. 3. 1. 3. 3. 2. 3.
 3. 3. 3. 3. 2. 3. 3. 2. 3. 3. 3. 3. 3. 3. 3. 2. 3. 2. 3. 2. 3. 3. 3. 3.
 2. 3. 1. 3. 2. 2. 2. 2. 2. 1. 3. 3. 2. 2. 3. 2. 3. 3. 1. 1. 3. 2. 3. 3.
 3. 3. 3. 3. 3. 3. 3. 3. 2. 3. 2. 3. 3. 3. 3. 2. 1. 3. 3. 3. 2. 2. 3. 1.
 2. 3. 3. 2. 3. 3. 2. 3. 3. 2. 3. 3. 3. 3. 2. 3. 2. 3. 2. 3. 3. 3. 3. 3.
 3. 3. 3. 2. 2. 2. 3. 3. 2. 3. 3. 3. 3. 3. 3. 3. 3. 1. 2. 2. 3. 2. 3. 3.
 3. 2. 3. 3. 3. 3. 3. 3. 2. 3. 3. 3. 2. 3. 3. 2. 2. 2. 3. 3. 3. 3. 3. 1.
 3. 1. 3. 2. 3. 1. 3. 2. 3. 3. 3. 3. 2. 2. 2. 3. 2. 3. 2. 3. 3. 2. 2. 3.
 3. 3. 3. 2. 3. 2. 2. 2. 2. 1. 3. 3. 3. 2. 3. 2. 3. 3. 2. 2. 3. 2. 3. 2.
 3. 3. 2. 3. 3. 3. 3. 3. 3. 2. 3. 3. 3. 2. 2. 3. 3. 3. 2. 3. 2. 3. 3. 3.
 3. 2. 3. 3. 3. 2. 1. 3. 3. 2. 3. 2. 3. 3. 3. 3. 3. 3. 3. 3. 3. 2. 3. 3.
 3. 3. 3. 3. 3. 3. 3. 3. 2. 3. 3. 2. 3. 2. 3. 1. 3. 3. 2. 3. 2. 3. 3. 3.
 2. 2. 2. 2. 3. 2. 3. 3. 3. 3. 3. 2. 3. 2. 3. 3. 3. 3. 3. 3. 2. 3. 2. 3.
 3. 3. 2. 2. 3. 3. 2. 3. 2. 3. 2. 2. 3. 3. 3. 3. 3. 2. 3. 3. 3. 3. 3. 2.
 3. 3. 2. 3. 2. 3. 2. 3. 3. 3. 3. 3. 2. 3. 2. 2. 3. 2. 3. 2. 2. 1. 3. 2.
 3. 2. 3. 3. 3. 3. 3. 3. 3. 2. 3. 2. 3. 2. 3. 3. 3. 3. 3. 3. 3. 3. 3. 3.
 2. 3. 3. 2. 3. 3. 3. 3. 2. 3. 2. 2. 3. 3. 3. 3. 2. 3. 3. 3. 2. 3. 3. 2.
 3. 3. 3. 2. 3. 2. 2. 3. 3. 3. 3. 3. 3. 3. 3. 2. 2. 3. 2. 2. 3. 2. 2. 2.
 2. 3. 2. 3. 2. 2. 3. 3. 3. 3. 3. 2. 3. 3. 3. 3. 3. 3. 3. 2. 3. 3. 2. 3.
 3. 1. 3. 3. 3. 2. 2. 3. 3. 3. 3. 3. 2. 3. 2. 2. 3. 3. 3. 3. 2. 3. 3. 3.
 3. 3. 3. 3. 3. 3. 3. 1. 3. 3. 2. 3. 3. 3. 3. 2. 3. 3. 2. 3. 3. 3. 2.]

nJets_W:
WW:
336 events with <4 jets: [1. 3. 3. 2. 3. 3. 1. 2. 3. 3. 3. 3. 3. 3. 3. 3. 3. 3. 2. 3. 3. 2. 3. 3.
 3. 3. 3. 3. 3. 3. 3. 3. 3. 2. 3. 2. 3. 3. 2. 2. 3. 3. 3. 3. 2. 3. 3. 3.
 2. 2. 3. 3. 3. 2. 2. 3. 3. 3. 2. 3. 3. 3. 2. 3. 3. 2. 2. 2. 3. 3. 2. 3.
 3. 2. 3. 3. 2. 3. 2. 2. 3. 3. 2. 2. 3. 3. 2. 3. 3. 2. 3. 3. 3. 3. 3. 3.
 3. 3. 3. 2. 3. 2. 3. 3. 3. 3. 3. 3. 3. 3. 1. 3. 3. 3. 3. 3. 3. 2. 3. 3.
 3. 3. 2. 3. 2. 3. 3. 2. 3. 3. 3. 3. 3. 3. 3. 3. 3. 2. 3. 3. 3. 3. 3. 3.
 3. 2. 3. 3. 2. 2. 2. 3. 3. 3. 3. 3. 3. 3. 2. 3. 2. 3. 3. 3. 2. 3. 2. 2.
 3. 3. 3. 2. 3. 3. 3. 2. 1. 3. 3. 3. 3. 1. 3. 3. 3. 3. 2. 3. 3. 3. 2. 2.
 3. 3. 1. 3. 3. 2. 3. 3. 3. 3. 3. 3. 3. 2. 2. 3. 3. 3. 2. 3. 3. 3. 2. 3.
 2. 3. 3. 3. 3. 3. 3. 2. 3. 3. 3. 3. 3. 3. 3. 3. 3. 3. 3. 3. 3. 3. 3. 3.
 2. 3. 3. 3. 2. 3. 3. 2. 3. 2. 1. 2. 3. 3. 3. 3. 3. 2. 3. 2. 3. 3. 3. 3.
 3. 3. 2. 3. 3. 2. 3. 3. 2. 2. 3. 3. 2. 3. 2. 2. 2. 3. 3. 1. 3. 3. 3. 2.
 2. 3. 3. 3. 3. 2. 3. 3. 3. 3. 3. 2. 3. 3. 3. 3. 2. 3. 3. 3. 3. 2. 3. 3.
 2. 3. 3. 2. 3. 3. 3. 3. 3. 2. 3. 3. 3. 3. 3. 3. 3. 3. 3. 3. 3. 3. 3. 2.]
ZZ:
225 events with <4 jets: [2. 3. 2. 3. 3. 3. 3. 3. 3. 3. 2. 3. 3. 3. 3. 3. 2. 3. 3. 3. 3. 3. 1. 3.
 3. 3. 3. 3. 3. 3. 3. 3. 3. 2. 3. 2. 3. 2. 3. 3. 3. 3. 3. 3. 2. 2. 3. 3.
 2. 2. 3. 3. 2. 3. 2. 3. 3. 3. 3. 3. 2. 3. 3. 3. 2. 3. 3. 2. 3. 3. 3. 3.
 1. 3. 3. 3. 2. 2. 2. 3. 3. 2. 3. 3. 2. 2. 3. 2. 3. 3. 3. 2. 2. 3. 2. 3.
 3. 3. 2. 2. 2. 2. 3. 1. 3. 3. 3. 3. 3. 3. 2. 3. 2. 3. 3. 1. 3. 3. 3. 3.
 3. 3. 3. 3. 3. 3. 3. 3. 3. 3. 2. 3. 3. 3. 3. 2. 2. 2. 3. 3. 2. 3. 3. 3.
 2. 3. 3. 3. 3. 3. 3. 3. 3. 3. 2. 3. 3. 3. 2. 2. 3. 3. 3. 3. 3. 2. 3. 3.
 3. 3. 3. 3. 2. 3. 2. 3. 2. 3. 3. 2. 3. 2. 3. 2. 3. 2. 3. 3. 3. 2. 3. 2.
 3. 3. 3. 2. 3. 3. 2. 3. 3. 3. 3. 2. 2. 3. 2. 3. 2. 3. 3. 3. 3. 3. 3. 3.
 2. 3. 3. 3. 3. 2. 2. 2. 3.]
HH:
266 events with <4 jets: [3. 3. 3. 3. 3. 1. 3. 3. 3. 3. 3. 3. 2. 3. 1. 3. 3. 3. 2. 3. 3. 3. 2. 3.
 2. 2. 3. 3. 2. 2. 3. 2. 2. 3. 3. 3. 1. 3. 3. 3. 3. 2. 3. 2. 2. 3. 3. 2.
 2. 2. 3. 2. 1. 3. 1. 3. 3. 2. 2. 1. 3. 3. 2. 3. 3. 2. 1. 3. 2. 3. 2. 2.
 3. 3. 3. 3. 2. 3. 3. 3. 3. 3. 3. 3. 3. 3. 3. 3. 2. 3. 2. 1. 3. 3. 3. 3.
 2. 3. 3. 3. 2. 3. 3. 2. 2. 3. 3. 2. 3. 3. 2. 3. 2. 3. 2. 3. 3. 2. 1. 3.
 3. 3. 2. 3. 3. 3. 2. 3. 3. 3. 3. 2. 3. 3. 3. 1. 3. 3. 2. 3. 3. 3. 3. 1.
 3. 3. 3. 3. 3. 3. 3. 3. 3. 3. 2. 3. 3. 3. 3. 3. 2. 2. 2. 3. 3. 3. 3. 3.
 3. 3. 3. 3. 3. 3. 2. 3. 3. 3. 3. 3. 2. 2. 3. 3. 3. 3. 1. 3. 3. 3. 3. 2.
 2. 3. 2. 3. 2. 2. 3. 3. 2. 3. 3. 3. 2. 3. 3. 2. 3. 2. 2. 3. 3. 3. 2. 3.
 1. 3. 2. 3. 3. 3. 2. 3. 3. 1. 3. 2. 3. 3. 2. 3. 2. 3. 3. 2. 3. 2. 2. 3.
 1. 3. 3. 2. 3. 2. 3. 3. 3. 3. 2. 3. 2. 3. 3. 3. 3. 3. 2. 3. 3. 3. 2. 3.
 2. 3.]
TT:
1001 events with <4 jets: [3. 3. 3. ... 3. 1. 3.]
BB:
693 events with <4 jets: [3. 3. 3. 2. 3. 3. 3. 3. 3. 3. 2. 3. 2. 3. 2. 3. 3. 3. 3. 1. 3. 3. 1. 1.
 3. 3. 3. 3. 2. 2. 3. 3. 3. 2. 3. 3. 3. 1. 3. 3. 2. 2. 3. 3. 3. 2. 3. 3.
 3. 3. 2. 2. 3. 3. 3. 2. 2. 3. 3. 3. 3. 3. 3. 3. 2. 3. 3. 1. 3. 3. 2. 3.
 3. 2. 3. 3. 2. 3. 3. 3. 3. 3. 3. 3. 3. 3. 3. 3. 3. 3. 3. 3. 3. 2. 3. 3.
 3. 1. 2. 3. 3. 3. 3. 3. 3. 3. 2. 3. 3. 2. 3. 3. 3. 3. 3. 3. 3. 2. 3. 3.
 2. 3. 2. 2. 3. 3. 3. 3. 2. 3. 3. 3. 1. 3. 3. 3. 2. 3. 1. 2. 3. 3. 3. 2.
 2. 3. 2. 3. 3. 2. 2. 3. 3. 3. 1. 3. 3. 3. 2. 2. 2. 2. 2. 3. 3. 3. 2. 2.
 3. 3. 2. 3. 3. 2. 2. 3. 3. 3. 2. 3. 2. 2. 3. 3. 3. 3. 2. 3. 3. 3. 2. 3.
 3. 3. 3. 3. 3. 3. 2. 3. 1. 2. 2. 3. 2. 3. 2. 3. 2. 3. 2. 2. 3. 3. 2. 2.
 3. 3. 3. 3. 2. 3. 2. 3. 3. 2. 3. 2. 2. 1. 3. 3. 3. 3. 3. 3. 3. 3. 3. 3.
 3. 2. 3. 3. 3. 3. 3. 3. 3. 3. 3. 2. 2. 3. 3. 3. 3. 1. 3. 3. 3. 1. 3. 3.
 3. 2. 3. 3. 3. 3. 1. 3. 2. 3. 2. 3. 3. 2. 3. 3. 1. 3. 3. 3. 3. 3. 3. 3.
 3. 3. 3. 3. 2. 2. 3. 3. 3. 3. 2. 2. 3. 3. 3. 3. 3. 2. 3. 3. 3. 3. 3. 2.
 3. 3. 3. 3. 2. 2. 2. 2. 3. 3. 2. 3. 2. 2. 2. 2. 3. 3. 3. 3. 3. 2. 2. 3.
 2. 3. 3. 2. 2. 2. 3. 3. 2. 3. 3. 3. 3. 3. 3. 2. 3. 2. 2. 2. 3. 3. 3. 2.
 2. 3. 3. 2. 2. 3. 3. 3. 3. 3. 2. 2. 3. 3. 3. 3. 3. 3. 2. 3. 3. 3. 2. 3.
 2. 3. 3. 3. 3. 2. 3. 3. 3. 3. 3. 3. 2. 1. 3. 3. 2. 3. 3. 3. 2. 3. 3. 1.
 3. 2. 3. 3. 3. 3. 3. 2. 2. 3. 1. 3. 2. 3. 2. 2. 2. 3. 2. 3. 2. 2. 2. 1.
 2. 3. 3. 3. 3. 3. 2. 2. 2. 3. 2. 3. 3. 3. 3. 3. 3. 3. 3. 3. 3. 3. 3. 3.
 2. 3. 3. 1. 3. 1. 2. 3. 2. 1. 3. 2. 2. 2. 3. 3. 3. 3. 3. 2. 3. 3. 3. 3.
 3. 1. 2. 3. 2. 3. 2. 2. 3. 3. 3. 2. 3. 3. 3. 3. 2. 2. 2. 3. 2. 3. 3. 2.
 2. 3. 3. 2. 3. 3. 3. 3. 3. 3. 3. 3. 3. 3. 3. 3. 3. 3. 2. 3. 2. 3. 2. 3.
 2. 3. 3. 3. 3. 2. 2. 3. 3. 3. 3. 3. 3. 3. 3. 2. 3. 2. 3. 3. 3. 3. 3. 3.
 2. 2. 3. 3. 2. 3. 2. 3. 3. 3. 3. 3. 3. 1. 3. 3. 3. 3. 1. 3. 3. 2. 3. 3.
 2. 2. 3. 3. 3. 3. 1. 3. 3. 2. 2. 2. 3. 2. 3. 2. 3. 3. 3. 3. 2. 3. 1. 3.
 3. 3. 2. 1. 3. 2. 2. 3. 3. 3. 2. 3. 3. 2. 3. 3. 3. 3. 3. 2. 3. 3. 3. 3.
 3. 3. 3. 3. 3. 3. 3. 3. 2. 3. 3. 2. 3. 3. 3. 3. 2. 3. 3. 2. 3. 2. 3. 3.
 3. 3. 3. 1. 2. 2. 3. 3. 3. 1. 3. 3. 3. 3. 2. 3. 3. 2. 2. 2. 3. 3. 2. 2.
 3. 3. 2. 2. 3. 3. 2. 3. 3. 2. 3. 2. 1. 3. 3. 3. 3. 2. 3. 2. 2.]
QCD:
575 events with <4 jets: [3. 3. 3. 3. 2. 3. 2. 3. 2. 1. 3. 1. 3. 3. 3. 2. 2. 3. 3. 3. 3. 3. 3. 3.
 3. 3. 3. 3. 3. 3. 3. 3. 2. 2. 2. 2. 3. 3. 3. 2. 2. 3. 3. 3. 3. 2. 3. 3.
 3. 3. 1. 2. 3. 3. 2. 3. 3. 3. 3. 2. 3. 3. 2. 3. 3. 3. 2. 1. 3. 2. 3. 3.
 2. 3. 3. 3. 3. 1. 2. 2. 3. 2. 3. 3. 3. 2. 3. 2. 3. 2. 3. 1. 3. 3. 2. 3.
 3. 3. 3. 3. 2. 3. 3. 2. 3. 3. 3. 3. 3. 3. 3. 2. 3. 2. 3. 2. 3. 3. 3. 3.
 2. 3. 1. 3. 2. 2. 2. 2. 2. 1. 3. 3. 2. 2. 3. 2. 3. 3. 1. 1. 3. 2. 3. 3.
 3. 3. 3. 3. 3. 3. 3. 3. 2. 3. 2. 3. 3. 3. 3. 2. 1. 3. 3. 3. 2. 2. 3. 1.
 2. 3. 3. 2. 3. 3. 2. 3. 3. 2. 3. 3. 3. 3. 2. 3. 2. 3. 2. 3. 3. 3. 3. 3.
 3. 3. 3. 2. 2. 2. 3. 3. 2. 3. 3. 3. 3. 3. 3. 3. 3. 1. 2. 2. 3. 2. 3. 3.
 3. 2. 3. 3. 3. 3. 3. 3. 2. 3. 3. 3. 2. 3. 3. 2. 2. 2. 3. 3. 3. 3. 3. 1.
 3. 1. 3. 2. 3. 1. 3. 2. 3. 3. 3. 3. 2. 2. 2. 3. 2. 3. 2. 3. 3. 2. 2. 3.
 3. 3. 3. 2. 3. 2. 2. 2. 2. 1. 3. 3. 3. 2. 3. 2. 3. 3. 2. 2. 3. 2. 3. 2.
 3. 3. 2. 3. 3. 3. 3. 3. 3. 2. 3. 3. 3. 2. 2. 3. 3. 3. 2. 3. 2. 3. 3. 3.
 3. 2. 3. 3. 3. 2. 1. 3. 3. 2. 3. 2. 3. 3. 3. 3. 3. 3. 3. 3. 3. 2. 3. 3.
 3. 3. 3. 3. 3. 3. 3. 3. 2. 3. 3. 2. 3. 2. 3. 1. 3. 3. 2. 3. 2. 3. 3. 3.
 2. 2. 2. 2. 3. 2. 3. 3. 3. 3. 3. 2. 3. 2. 3. 3. 3. 3. 3. 3. 2. 3. 2. 3.
 3. 3. 2. 2. 3. 3. 2. 3. 2. 3. 2. 2. 3. 3. 3. 3. 3. 2. 3. 3. 3. 3. 3. 2.
 3. 3. 2. 3. 2. 3. 2. 3. 3. 3. 3. 3. 2. 3. 2. 2. 3. 2. 3. 2. 2. 1. 3. 2.
 3. 2. 3. 3. 3. 3. 3. 3. 3. 2. 3. 2. 3. 2. 3. 3. 3. 3. 3. 3. 3. 3. 3. 3.
 2. 3. 3. 2. 3. 3. 3. 3. 2. 3. 2. 2. 3. 3. 3. 3. 2. 3. 3. 3. 2. 3. 3. 2.
 3. 3. 3. 2. 3. 2. 2. 3. 3. 3. 3. 3. 3. 3. 3. 2. 2. 3. 2. 2. 3. 2. 2. 2.
 2. 3. 2. 3. 2. 2. 3. 3. 3. 3. 3. 2. 3. 3. 3. 3. 3. 3. 3. 2. 3. 3. 2. 3.
 3. 1. 3. 3. 3. 2. 2. 3. 3. 3. 3. 3. 2. 3. 2. 2. 3. 3. 3. 3. 2. 3. 3. 3.
 3. 3. 3. 3. 3. 3. 3. 1. 3. 3. 2. 3. 3. 3. 3. 2. 3. 3. 2. 3. 3. 3. 2.]

nJets_Z:
WW:
336 events with <4 jets: [1. 3. 3. 2. 3. 3. 1. 2. 3. 3. 3. 3. 3. 3. 3. 3. 3. 3. 2. 3. 3. 2. 3. 3.
 3. 3. 3. 3. 3. 3. 3. 3. 3. 2. 3. 2. 3. 3. 2. 2. 3. 3. 3. 3. 2. 3. 3. 3.
 2. 2. 3. 3. 3. 2. 2. 3. 3. 3. 2. 3. 3. 3. 2. 3. 3. 2. 2. 2. 3. 3. 2. 3.
 3. 2. 3. 3. 2. 3. 2. 2. 3. 3. 2. 2. 3. 3. 2. 3. 3. 2. 3. 3. 3. 3. 3. 3.
 3. 3. 3. 2. 3. 2. 3. 3. 3. 3. 3. 3. 3. 3. 1. 3. 3. 3. 3. 3. 3. 2. 3. 3.
 3. 3. 2. 3. 2. 3. 3. 2. 3. 3. 3. 3. 3. 3. 3. 3. 3. 2. 3. 3. 3. 3. 3. 3.
 3. 2. 3. 3. 2. 2. 2. 3. 3. 3. 3. 3. 3. 3. 2. 3. 2. 3. 3. 3. 2. 3. 2. 2.
 3. 3. 3. 2. 3. 3. 3. 2. 1. 3. 3. 3. 3. 1. 3. 3. 3. 3. 2. 3. 3. 3. 2. 2.
 3. 3. 1. 3. 3. 2. 3. 3. 3. 3. 3. 3. 3. 2. 2. 3. 3. 3. 2. 3. 3. 3. 2. 3.
 2. 3. 3. 3. 3. 3. 3. 2. 3. 3. 3. 3. 3. 3. 3. 3. 3. 3. 3. 3. 3. 3. 3. 3.
 2. 3. 3. 3. 2. 3. 3. 2. 3. 2. 1. 2. 3. 3. 3. 3. 3. 2. 3. 2. 3. 3. 3. 3.
 3. 3. 2. 3. 3. 2. 3. 3. 2. 2. 3. 3. 2. 3. 2. 2. 2. 3. 3. 1. 3. 3. 3. 2.
 2. 3. 3. 3. 3. 2. 3. 3. 3. 3. 3. 2. 3. 3. 3. 3. 2. 3. 3. 3. 3. 2. 3. 3.
 2. 3. 3. 2. 3. 3. 3. 3. 3. 2. 3. 3. 3. 3. 3. 3. 3. 3. 3. 3. 3. 3. 3. 2.]
ZZ:
225 events with <4 jets: [2. 3. 2. 3. 3. 3. 3. 3. 3. 3. 2. 3. 3. 3. 3. 3. 2. 3. 3. 3. 3. 3. 1. 3.
 3. 3. 3. 3. 3. 3. 3. 3. 3. 2. 3. 2. 3. 2. 3. 3. 3. 3. 3. 3. 2. 2. 3. 3.
 2. 2. 3. 3. 2. 3. 2. 3. 3. 3. 3. 3. 2. 3. 3. 3. 2. 3. 3. 2. 3. 3. 3. 3.
 1. 3. 3. 3. 2. 2. 2. 3. 3. 2. 3. 3. 2. 2. 3. 2. 3. 3. 3. 2. 2. 3. 2. 3.
 3. 3. 2. 2. 2. 2. 3. 1. 3. 3. 3. 3. 3. 3. 2. 3. 2. 3. 3. 1. 3. 3. 3. 3.
 3. 3. 3. 3. 3. 3. 3. 3. 3. 3. 2. 3. 3. 3. 3. 2. 2. 2. 3. 3. 2. 3. 3. 3.
 2. 3. 3. 3. 3. 3. 3. 3. 3. 3. 2. 3. 3. 3. 2. 2. 3. 3. 3. 3. 3. 2. 3. 3.
 3. 3. 3. 3. 2. 3. 2. 3. 2. 3. 3. 2. 3. 2. 3. 2. 3. 2. 3. 3. 3. 2. 3. 2.
 3. 3. 3. 2. 3. 3. 2. 3. 3. 3. 3. 2. 2. 3. 2. 3. 2. 3. 3. 3. 3. 3. 3. 3.
 2. 3. 3. 3. 3. 2. 2. 2. 3.]
HH:
266 events with <4 jets: [3. 3. 3. 3. 3. 1. 3. 3. 3. 3. 3. 3. 2. 3. 1. 3. 3. 3. 2. 3. 3. 3. 2. 3.
 2. 2. 3. 3. 2. 2. 3. 2. 2. 3. 3. 3. 1. 3. 3. 3. 3. 2. 3. 2. 2. 3. 3. 2.
 2. 2. 3. 2. 1. 3. 1. 3. 3. 2. 2. 1. 3. 3. 2. 3. 3. 2. 1. 3. 2. 3. 2. 2.
 3. 3. 3. 3. 2. 3. 3. 3. 3. 3. 3. 3. 3. 3. 3. 3. 2. 3. 2. 1. 3. 3. 3. 3.
 2. 3. 3. 3. 2. 3. 3. 2. 2. 3. 3. 2. 3. 3. 2. 3. 2. 3. 2. 3. 3. 2. 1. 3.
 3. 3. 2. 3. 3. 3. 2. 3. 3. 3. 3. 2. 3. 3. 3. 1. 3. 3. 2. 3. 3. 3. 3. 1.
 3. 3. 3. 3. 3. 3. 3. 3. 3. 3. 2. 3. 3. 3. 3. 3. 2. 2. 2. 3. 3. 3. 3. 3.
 3. 3. 3. 3. 3. 3. 2. 3. 3. 3. 3. 3. 2. 2. 3. 3. 3. 3. 1. 3. 3. 3. 3. 2.
 2. 3. 2. 3. 2. 2. 3. 3. 2. 3. 3. 3. 2. 3. 3. 2. 3. 2. 2. 3. 3. 3. 2. 3.
 1. 3. 2. 3. 3. 3. 2. 3. 3. 1. 3. 2. 3. 3. 2. 3. 2. 3. 3. 2. 3. 2. 2. 3.
 1. 3. 3. 2. 3. 2. 3. 3. 3. 3. 2. 3. 2. 3. 3. 3. 3. 3. 2. 3. 3. 3. 2. 3.
 2. 3.]
TT:
1001 events with <4 jets: [3. 3. 3. ... 3. 1. 3.]
BB:
693 events with <4 jets: [3. 3. 3. 2. 3. 3. 3. 3. 3. 3. 2. 3. 2. 3. 2. 3. 3. 3. 3. 1. 3. 3. 1. 1.
 3. 3. 3. 3. 2. 2. 3. 3. 3. 2. 3. 3. 3. 1. 3. 3. 2. 2. 3. 3. 3. 2. 3. 3.
 3. 3. 2. 2. 3. 3. 3. 2. 2. 3. 3. 3. 3. 3. 3. 3. 2. 3. 3. 1. 3. 3. 2. 3.
 3. 2. 3. 3. 2. 3. 3. 3. 3. 3. 3. 3. 3. 3. 3. 3. 3. 3. 3. 3. 3. 2. 3. 3.
 3. 1. 2. 3. 3. 3. 3. 3. 3. 3. 2. 3. 3. 2. 3. 3. 3. 3. 3. 3. 3. 2. 3. 3.
 2. 3. 2. 2. 3. 3. 3. 3. 2. 3. 3. 3. 1. 3. 3. 3. 2. 3. 1. 2. 3. 3. 3. 2.
 2. 3. 2. 3. 3. 2. 2. 3. 3. 3. 1. 3. 3. 3. 2. 2. 2. 2. 2. 3. 3. 3. 2. 2.
 3. 3. 2. 3. 3. 2. 2. 3. 3. 3. 2. 3. 2. 2. 3. 3. 3. 3. 2. 3. 3. 3. 2. 3.
 3. 3. 3. 3. 3. 3. 2. 3. 1. 2. 2. 3. 2. 3. 2. 3. 2. 3. 2. 2. 3. 3. 2. 2.
 3. 3. 3. 3. 2. 3. 2. 3. 3. 2. 3. 2. 2. 1. 3. 3. 3. 3. 3. 3. 3. 3. 3. 3.
 3. 2. 3. 3. 3. 3. 3. 3. 3. 3. 3. 2. 2. 3. 3. 3. 3. 1. 3. 3. 3. 1. 3. 3.
 3. 2. 3. 3. 3. 3. 1. 3. 2. 3. 2. 3. 3. 2. 3. 3. 1. 3. 3. 3. 3. 3. 3. 3.
 3. 3. 3. 3. 2. 2. 3. 3. 3. 3. 2. 2. 3. 3. 3. 3. 3. 2. 3. 3. 3. 3. 3. 2.
 3. 3. 3. 3. 2. 2. 2. 2. 3. 3. 2. 3. 2. 2. 2. 2. 3. 3. 3. 3. 3. 2. 2. 3.
 2. 3. 3. 2. 2. 2. 3. 3. 2. 3. 3. 3. 3. 3. 3. 2. 3. 2. 2. 2. 3. 3. 3. 2.
 2. 3. 3. 2. 2. 3. 3. 3. 3. 3. 2. 2. 3. 3. 3. 3. 3. 3. 2. 3. 3. 3. 2. 3.
 2. 3. 3. 3. 3. 2. 3. 3. 3. 3. 3. 3. 2. 1. 3. 3. 2. 3. 3. 3. 2. 3. 3. 1.
 3. 2. 3. 3. 3. 3. 3. 2. 2. 3. 1. 3. 2. 3. 2. 2. 2. 3. 2. 3. 2. 2. 2. 1.
 2. 3. 3. 3. 3. 3. 2. 2. 2. 3. 2. 3. 3. 3. 3. 3. 3. 3. 3. 3. 3. 3. 3. 3.
 2. 3. 3. 1. 3. 1. 2. 3. 2. 1. 3. 2. 2. 2. 3. 3. 3. 3. 3. 2. 3. 3. 3. 3.
 3. 1. 2. 3. 2. 3. 2. 2. 3. 3. 3. 2. 3. 3. 3. 3. 2. 2. 2. 3. 2. 3. 3. 2.
 2. 3. 3. 2. 3. 3. 3. 3. 3. 3. 3. 3. 3. 3. 3. 3. 3. 3. 2. 3. 2. 3. 2. 3.
 2. 3. 3. 3. 3. 2. 2. 3. 3. 3. 3. 3. 3. 3. 3. 2. 3. 2. 3. 3. 3. 3. 3. 3.
 2. 2. 3. 3. 2. 3. 2. 3. 3. 3. 3. 3. 3. 1. 3. 3. 3. 3. 1. 3. 3. 2. 3. 3.
 2. 2. 3. 3. 3. 3. 1. 3. 3. 2. 2. 2. 3. 2. 3. 2. 3. 3. 3. 3. 2. 3. 1. 3.
 3. 3. 2. 1. 3. 2. 2. 3. 3. 3. 2. 3. 3. 2. 3. 3. 3. 3. 3. 2. 3. 3. 3. 3.
 3. 3. 3. 3. 3. 3. 3. 3. 2. 3. 3. 2. 3. 3. 3. 3. 2. 3. 3. 2. 3. 2. 3. 3.
 3. 3. 3. 1. 2. 2. 3. 3. 3. 1. 3. 3. 3. 3. 2. 3. 3. 2. 2. 2. 3. 3. 2. 2.
 3. 3. 2. 2. 3. 3. 2. 3. 3. 2. 3. 2. 1. 3. 3. 3. 3. 2. 3. 2. 2.]
QCD:
575 events with <4 jets: [3. 3. 3. 3. 2. 3. 2. 3. 2. 1. 3. 1. 3. 3. 3. 2. 2. 3. 3. 3. 3. 3. 3. 3.
 3. 3. 3. 3. 3. 3. 3. 3. 2. 2. 2. 2. 3. 3. 3. 2. 2. 3. 3. 3. 3. 2. 3. 3.
 3. 3. 1. 2. 3. 3. 2. 3. 3. 3. 3. 2. 3. 3. 2. 3. 3. 3. 2. 1. 3. 2. 3. 3.
 2. 3. 3. 3. 3. 1. 2. 2. 3. 2. 3. 3. 3. 2. 3. 2. 3. 2. 3. 1. 3. 3. 2. 3.
 3. 3. 3. 3. 2. 3. 3. 2. 3. 3. 3. 3. 3. 3. 3. 2. 3. 2. 3. 2. 3. 3. 3. 3.
 2. 3. 1. 3. 2. 2. 2. 2. 2. 1. 3. 3. 2. 2. 3. 2. 3. 3. 1. 1. 3. 2. 3. 3.
 3. 3. 3. 3. 3. 3. 3. 3. 2. 3. 2. 3. 3. 3. 3. 2. 1. 3. 3. 3. 2. 2. 3. 1.
 2. 3. 3. 2. 3. 3. 2. 3. 3. 2. 3. 3. 3. 3. 2. 3. 2. 3. 2. 3. 3. 3. 3. 3.
 3. 3. 3. 2. 2. 2. 3. 3. 2. 3. 3. 3. 3. 3. 3. 3. 3. 1. 2. 2. 3. 2. 3. 3.
 3. 2. 3. 3. 3. 3. 3. 3. 2. 3. 3. 3. 2. 3. 3. 2. 2. 2. 3. 3. 3. 3. 3. 1.
 3. 1. 3. 2. 3. 1. 3. 2. 3. 3. 3. 3. 2. 2. 2. 3. 2. 3. 2. 3. 3. 2. 2. 3.
 3. 3. 3. 2. 3. 2. 2. 2. 2. 1. 3. 3. 3. 2. 3. 2. 3. 3. 2. 2. 3. 2. 3. 2.
 3. 3. 2. 3. 3. 3. 3. 3. 3. 2. 3. 3. 3. 2. 2. 3. 3. 3. 2. 3. 2. 3. 3. 3.
 3. 2. 3. 3. 3. 2. 1. 3. 3. 2. 3. 2. 3. 3. 3. 3. 3. 3. 3. 3. 3. 2. 3. 3.
 3. 3. 3. 3. 3. 3. 3. 3. 2. 3. 3. 2. 3. 2. 3. 1. 3. 3. 2. 3. 2. 3. 3. 3.
 2. 2. 2. 2. 3. 2. 3. 3. 3. 3. 3. 2. 3. 2. 3. 3. 3. 3. 3. 3. 2. 3. 2. 3.
 3. 3. 2. 2. 3. 3. 2. 3. 2. 3. 2. 2. 3. 3. 3. 3. 3. 2. 3. 3. 3. 3. 3. 2.
 3. 3. 2. 3. 2. 3. 2. 3. 3. 3. 3. 3. 2. 3. 2. 2. 3. 2. 3. 2. 2. 1. 3. 2.
 3. 2. 3. 3. 3. 3. 3. 3. 3. 2. 3. 2. 3. 2. 3. 3. 3. 3. 3. 3. 3. 3. 3. 3.
 2. 3. 3. 2. 3. 3. 3. 3. 2. 3. 2. 2. 3. 3. 3. 3. 2. 3. 3. 3. 2. 3. 3. 2.
 3. 3. 3. 2. 3. 2. 2. 3. 3. 3. 3. 3. 3. 3. 3. 2. 2. 3. 2. 2. 3. 2. 2. 2.
 2. 3. 2. 3. 2. 2. 3. 3. 3. 3. 3. 2. 3. 3. 3. 3. 3. 3. 3. 2. 3. 3. 2. 3.
 3. 1. 3. 3. 3. 2. 2. 3. 3. 3. 3. 3. 2. 3. 2. 2. 3. 3. 3. 3. 2. 3. 3. 3.
 3. 3. 3. 3. 3. 3. 3. 1. 3. 3. 2. 3. 3. 3. 3. 2. 3. 3. 2. 3. 3. 3. 2.]

nJets_ak8:
WW:
336 events with <4 jets: [1. 3. 3. 2. 3. 3. 1. 2. 3. 3. 3. 3. 3. 3. 3. 3. 3. 3. 2. 3. 3. 2. 3. 3.
 3. 3. 3. 3. 3. 3. 3. 3. 3. 2. 3. 2. 3. 3. 2. 2. 3. 3. 3. 3. 2. 3. 3. 3.
 2. 2. 3. 3. 3. 2. 2. 3. 3. 3. 2. 3. 3. 3. 2. 3. 3. 2. 2. 2. 3. 3. 2. 3.
 3. 2. 3. 3. 2. 3. 2. 2. 3. 3. 2. 2. 3. 3. 2. 3. 3. 2. 3. 3. 3. 3. 3. 3.
 3. 3. 3. 2. 3. 2. 3. 3. 3. 3. 3. 3. 3. 3. 1. 3. 3. 3. 3. 3. 3. 2. 3. 3.
 3. 3. 2. 3. 2. 3. 3. 2. 3. 3. 3. 3. 3. 3. 3. 3. 3. 2. 3. 3. 3. 3. 3. 3.
 3. 2. 3. 3. 2. 2. 2. 3. 3. 3. 3. 3. 3. 3. 2. 3. 2. 3. 3. 3. 2. 3. 2. 2.
 3. 3. 3. 2. 3. 3. 3. 2. 1. 3. 3. 3. 3. 1. 3. 3. 3. 3. 2. 3. 3. 3. 2. 2.
 3. 3. 1. 3. 3. 2. 3. 3. 3. 3. 3. 3. 3. 2. 2. 3. 3. 3. 2. 3. 3. 3. 2. 3.
 2. 3. 3. 3. 3. 3. 3. 2. 3. 3. 3. 3. 3. 3. 3. 3. 3. 3. 3. 3. 3. 3. 3. 3.
 2. 3. 3. 3. 2. 3. 3. 2. 3. 2. 1. 2. 3. 3. 3. 3. 3. 2. 3. 2. 3. 3. 3. 3.
 3. 3. 2. 3. 3. 2. 3. 3. 2. 2. 3. 3. 2. 3. 2. 2. 2. 3. 3. 1. 3. 3. 3. 2.
 2. 3. 3. 3. 3. 2. 3. 3. 3. 3. 3. 2. 3. 3. 3. 3. 2. 3. 3. 3. 3. 2. 3. 3.
 2. 3. 3. 2. 3. 3. 3. 3. 3. 2. 3. 3. 3. 3. 3. 3. 3. 3. 3. 3. 3. 3. 3. 2.]
ZZ:
225 events with <4 jets: [2. 3. 2. 3. 3. 3. 3. 3. 3. 3. 2. 3. 3. 3. 3. 3. 2. 3. 3. 3. 3. 3. 1. 3.
 3. 3. 3. 3. 3. 3. 3. 3. 3. 2. 3. 2. 3. 2. 3. 3. 3. 3. 3. 3. 2. 2. 3. 3.
 2. 2. 3. 3. 2. 3. 2. 3. 3. 3. 3. 3. 2. 3. 3. 3. 2. 3. 3. 2. 3. 3. 3. 3.
 1. 3. 3. 3. 2. 2. 2. 3. 3. 2. 3. 3. 2. 2. 3. 2. 3. 3. 3. 2. 2. 3. 2. 3.
 3. 3. 2. 2. 2. 2. 3. 1. 3. 3. 3. 3. 3. 3. 2. 3. 2. 3. 3. 1. 3. 3. 3. 3.
 3. 3. 3. 3. 3. 3. 3. 3. 3. 3. 2. 3. 3. 3. 3. 2. 2. 2. 3. 3. 2. 3. 3. 3.
 2. 3. 3. 3. 3. 3. 3. 3. 3. 3. 2. 3. 3. 3. 2. 2. 3. 3. 3. 3. 3. 2. 3. 3.
 3. 3. 3. 3. 2. 3. 2. 3. 2. 3. 3. 2. 3. 2. 3. 2. 3. 2. 3. 3. 3. 2. 3. 2.
 3. 3. 3. 2. 3. 3. 2. 3. 3. 3. 3. 2. 2. 3. 2. 3. 2. 3. 3. 3. 3. 3. 3. 3.
 2. 3. 3. 3. 3. 2. 2. 2. 3.]
HH:
266 events with <4 jets: [3. 3. 3. 3. 3. 1. 3. 3. 3. 3. 3. 3. 2. 3. 1. 3. 3. 3. 2. 3. 3. 3. 2. 3.
 2. 2. 3. 3. 2. 2. 3. 2. 2. 3. 3. 3. 1. 3. 3. 3. 3. 2. 3. 2. 2. 3. 3. 2.
 2. 2. 3. 2. 1. 3. 1. 3. 3. 2. 2. 1. 3. 3. 2. 3. 3. 2. 1. 3. 2. 3. 2. 2.
 3. 3. 3. 3. 2. 3. 3. 3. 3. 3. 3. 3. 3. 3. 3. 3. 2. 3. 2. 1. 3. 3. 3. 3.
 2. 3. 3. 3. 2. 3. 3. 2. 2. 3. 3. 2. 3. 3. 2. 3. 2. 3. 2. 3. 3. 2. 1. 3.
 3. 3. 2. 3. 3. 3. 2. 3. 3. 3. 3. 2. 3. 3. 3. 1. 3. 3. 2. 3. 3. 3. 3. 1.
 3. 3. 3. 3. 3. 3. 3. 3. 3. 3. 2. 3. 3. 3. 3. 3. 2. 2. 2. 3. 3. 3. 3. 3.
 3. 3. 3. 3. 3. 3. 2. 3. 3. 3. 3. 3. 2. 2. 3. 3. 3. 3. 1. 3. 3. 3. 3. 2.
 2. 3. 2. 3. 2. 2. 3. 3. 2. 3. 3. 3. 2. 3. 3. 2. 3. 2. 2. 3. 3. 3. 2. 3.
 1. 3. 2. 3. 3. 3. 2. 3. 3. 1. 3. 2. 3. 3. 2. 3. 2. 3. 3. 2. 3. 2. 2. 3.
 1. 3. 3. 2. 3. 2. 3. 3. 3. 3. 2. 3. 2. 3. 3. 3. 3. 3. 2. 3. 3. 3. 2. 3.
 2. 3.]
TT:
1001 events with <4 jets: [3. 3. 3. ... 3. 1. 3.]
BB:
693 events with <4 jets: [3. 3. 3. 2. 3. 3. 3. 3. 3. 3. 2. 3. 2. 3. 2. 3. 3. 3. 3. 1. 3. 3. 1. 1.
 3. 3. 3. 3. 2. 2. 3. 3. 3. 2. 3. 3. 3. 1. 3. 3. 2. 2. 3. 3. 3. 2. 3. 3.
 3. 3. 2. 2. 3. 3. 3. 2. 2. 3. 3. 3. 3. 3. 3. 3. 2. 3. 3. 1. 3. 3. 2. 3.
 3. 2. 3. 3. 2. 3. 3. 3. 3. 3. 3. 3. 3. 3. 3. 3. 3. 3. 3. 3. 3. 2. 3. 3.
 3. 1. 2. 3. 3. 3. 3. 3. 3. 3. 2. 3. 3. 2. 3. 3. 3. 3. 3. 3. 3. 2. 3. 3.
 2. 3. 2. 2. 3. 3. 3. 3. 2. 3. 3. 3. 1. 3. 3. 3. 2. 3. 1. 2. 3. 3. 3. 2.
 2. 3. 2. 3. 3. 2. 2. 3. 3. 3. 1. 3. 3. 3. 2. 2. 2. 2. 2. 3. 3. 3. 2. 2.
 3. 3. 2. 3. 3. 2. 2. 3. 3. 3. 2. 3. 2. 2. 3. 3. 3. 3. 2. 3. 3. 3. 2. 3.
 3. 3. 3. 3. 3. 3. 2. 3. 1. 2. 2. 3. 2. 3. 2. 3. 2. 3. 2. 2. 3. 3. 2. 2.
 3. 3. 3. 3. 2. 3. 2. 3. 3. 2. 3. 2. 2. 1. 3. 3. 3. 3. 3. 3. 3. 3. 3. 3.
 3. 2. 3. 3. 3. 3. 3. 3. 3. 3. 3. 2. 2. 3. 3. 3. 3. 1. 3. 3. 3. 1. 3. 3.
 3. 2. 3. 3. 3. 3. 1. 3. 2. 3. 2. 3. 3. 2. 3. 3. 1. 3. 3. 3. 3. 3. 3. 3.
 3. 3. 3. 3. 2. 2. 3. 3. 3. 3. 2. 2. 3. 3. 3. 3. 3. 2. 3. 3. 3. 3. 3. 2.
 3. 3. 3. 3. 2. 2. 2. 2. 3. 3. 2. 3. 2. 2. 2. 2. 3. 3. 3. 3. 3. 2. 2. 3.
 2. 3. 3. 2. 2. 2. 3. 3. 2. 3. 3. 3. 3. 3. 3. 2. 3. 2. 2. 2. 3. 3. 3. 2.
 2. 3. 3. 2. 2. 3. 3. 3. 3. 3. 2. 2. 3. 3. 3. 3. 3. 3. 2. 3. 3. 3. 2. 3.
 2. 3. 3. 3. 3. 2. 3. 3. 3. 3. 3. 3. 2. 1. 3. 3. 2. 3. 3. 3. 2. 3. 3. 1.
 3. 2. 3. 3. 3. 3. 3. 2. 2. 3. 1. 3. 2. 3. 2. 2. 2. 3. 2. 3. 2. 2. 2. 1.
 2. 3. 3. 3. 3. 3. 2. 2. 2. 3. 2. 3. 3. 3. 3. 3. 3. 3. 3. 3. 3. 3. 3. 3.
 2. 3. 3. 1. 3. 1. 2. 3. 2. 1. 3. 2. 2. 2. 3. 3. 3. 3. 3. 2. 3. 3. 3. 3.
 3. 1. 2. 3. 2. 3. 2. 2. 3. 3. 3. 2. 3. 3. 3. 3. 2. 2. 2. 3. 2. 3. 3. 2.
 2. 3. 3. 2. 3. 3. 3. 3. 3. 3. 3. 3. 3. 3. 3. 3. 3. 3. 2. 3. 2. 3. 2. 3.
 2. 3. 3. 3. 3. 2. 2. 3. 3. 3. 3. 3. 3. 3. 3. 2. 3. 2. 3. 3. 3. 3. 3. 3.
 2. 2. 3. 3. 2. 3. 2. 3. 3. 3. 3. 3. 3. 1. 3. 3. 3. 3. 1. 3. 3. 2. 3. 3.
 2. 2. 3. 3. 3. 3. 1. 3. 3. 2. 2. 2. 3. 2. 3. 2. 3. 3. 3. 3. 2. 3. 1. 3.
 3. 3. 2. 1. 3. 2. 2. 3. 3. 3. 2. 3. 3. 2. 3. 3. 3. 3. 3. 2. 3. 3. 3. 3.
 3. 3. 3. 3. 3. 3. 3. 3. 2. 3. 3. 2. 3. 3. 3. 3. 2. 3. 3. 2. 3. 2. 3. 3.
 3. 3. 3. 1. 2. 2. 3. 3. 3. 1. 3. 3. 3. 3. 2. 3. 3. 2. 2. 2. 3. 3. 2. 2.
 3. 3. 2. 2. 3. 3. 2. 3. 3. 2. 3. 2. 1. 3. 3. 3. 3. 2. 3. 2. 2.]
QCD:
575 events with <4 jets: [3. 3. 3. 3. 2. 3. 2. 3. 2. 1. 3. 1. 3. 3. 3. 2. 2. 3. 3. 3. 3. 3. 3. 3.
 3. 3. 3. 3. 3. 3. 3. 3. 2. 2. 2. 2. 3. 3. 3. 2. 2. 3. 3. 3. 3. 2. 3. 3.
 3. 3. 1. 2. 3. 3. 2. 3. 3. 3. 3. 2. 3. 3. 2. 3. 3. 3. 2. 1. 3. 2. 3. 3.
 2. 3. 3. 3. 3. 1. 2. 2. 3. 2. 3. 3. 3. 2. 3. 2. 3. 2. 3. 1. 3. 3. 2. 3.
 3. 3. 3. 3. 2. 3. 3. 2. 3. 3. 3. 3. 3. 3. 3. 2. 3. 2. 3. 2. 3. 3. 3. 3.
 2. 3. 1. 3. 2. 2. 2. 2. 2. 1. 3. 3. 2. 2. 3. 2. 3. 3. 1. 1. 3. 2. 3. 3.
 3. 3. 3. 3. 3. 3. 3. 3. 2. 3. 2. 3. 3. 3. 3. 2. 1. 3. 3. 3. 2. 2. 3. 1.
 2. 3. 3. 2. 3. 3. 2. 3. 3. 2. 3. 3. 3. 3. 2. 3. 2. 3. 2. 3. 3. 3. 3. 3.
 3. 3. 3. 2. 2. 2. 3. 3. 2. 3. 3. 3. 3. 3. 3. 3. 3. 1. 2. 2. 3. 2. 3. 3.
 3. 2. 3. 3. 3. 3. 3. 3. 2. 3. 3. 3. 2. 3. 3. 2. 2. 2. 3. 3. 3. 3. 3. 1.
 3. 1. 3. 2. 3. 1. 3. 2. 3. 3. 3. 3. 2. 2. 2. 3. 2. 3. 2. 3. 3. 2. 2. 3.
 3. 3. 3. 2. 3. 2. 2. 2. 2. 1. 3. 3. 3. 2. 3. 2. 3. 3. 2. 2. 3. 2. 3. 2.
 3. 3. 2. 3. 3. 3. 3. 3. 3. 2. 3. 3. 3. 2. 2. 3. 3. 3. 2. 3. 2. 3. 3. 3.
 3. 2. 3. 3. 3. 2. 1. 3. 3. 2. 3. 2. 3. 3. 3. 3. 3. 3. 3. 3. 3. 2. 3. 3.
 3. 3. 3. 3. 3. 3. 3. 3. 2. 3. 3. 2. 3. 2. 3. 1. 3. 3. 2. 3. 2. 3. 3. 3.
 2. 2. 2. 2. 3. 2. 3. 3. 3. 3. 3. 2. 3. 2. 3. 3. 3. 3. 3. 3. 2. 3. 2. 3.
 3. 3. 2. 2. 3. 3. 2. 3. 2. 3. 2. 2. 3. 3. 3. 3. 3. 2. 3. 3. 3. 3. 3. 2.
 3. 3. 2. 3. 2. 3. 2. 3. 3. 3. 3. 3. 2. 3. 2. 2. 3. 2. 3. 2. 2. 1. 3. 2.
 3. 2. 3. 3. 3. 3. 3. 3. 3. 2. 3. 2. 3. 2. 3. 3. 3. 3. 3. 3. 3. 3. 3. 3.
 2. 3. 3. 2. 3. 3. 3. 3. 2. 3. 2. 2. 3. 3. 3. 3. 2. 3. 3. 3. 2. 3. 3. 2.
 3. 3. 3. 2. 3. 2. 2. 3. 3. 3. 3. 3. 3. 3. 3. 2. 2. 3. 2. 2. 3. 2. 2. 2.
 2. 3. 2. 3. 2. 2. 3. 3. 3. 3. 3. 2. 3. 3. 3. 3. 3. 3. 3. 2. 3. 3. 2. 3.
 3. 1. 3. 3. 3. 2. 2. 3. 3. 3. 3. 3. 2. 3. 2. 2. 3. 3. 3. 3. 2. 3. 3. 3.
 3. 3. 3. 3. 3. 3. 3. 1. 3. 3. 2. 3. 3. 3. 3. 2. 3. 3. 2. 3. 3. 3. 2.]

nJets_ak8SoftDrop:
WW:
336 events with <4 jets: [1. 3. 3. 2. 3. 3. 1. 2. 3. 3. 3. 3. 3. 3. 3. 3. 3. 3. 2. 3. 3. 2. 3. 3.
 3. 3. 3. 3. 3. 3. 3. 3. 3. 2. 3. 2. 3. 3. 2. 2. 3. 3. 3. 3. 2. 3. 3. 3.
 2. 2. 3. 3. 3. 2. 2. 3. 3. 3. 2. 3. 3. 3. 2. 3. 3. 2. 2. 2. 3. 3. 2. 3.
 3. 2. 3. 3. 2. 3. 2. 2. 3. 3. 2. 2. 3. 3. 2. 3. 3. 2. 3. 3. 3. 3. 3. 3.
 3. 3. 3. 2. 3. 2. 3. 3. 3. 3. 3. 3. 3. 3. 1. 3. 3. 3. 3. 3. 3. 2. 3. 3.
 3. 3. 2. 3. 2. 3. 3. 2. 3. 3. 3. 3. 3. 3. 3. 3. 3. 2. 3. 3. 3. 3. 3. 3.
 3. 2. 3. 3. 2. 2. 2. 3. 3. 3. 3. 3. 3. 3. 2. 3. 2. 3. 3. 3. 2. 3. 2. 2.
 3. 3. 3. 2. 3. 3. 3. 2. 1. 3. 3. 3. 3. 1. 3. 3. 3. 3. 2. 3. 3. 3. 2. 2.
 3. 3. 1. 3. 3. 2. 3. 3. 3. 3. 3. 3. 3. 2. 2. 3. 3. 3. 2. 3. 3. 3. 2. 3.
 2. 3. 3. 3. 3. 3. 3. 2. 3. 3. 3. 3. 3. 3. 3. 3. 3. 3. 3. 3. 3. 3. 3. 3.
 2. 3. 3. 3. 2. 3. 3. 2. 3. 2. 1. 2. 3. 3. 3. 3. 3. 2. 3. 2. 3. 3. 3. 3.
 3. 3. 2. 3. 3. 2. 3. 3. 2. 2. 3. 3. 2. 3. 2. 2. 2. 3. 3. 1. 3. 3. 3. 2.
 2. 3. 3. 3. 3. 2. 3. 3. 3. 3. 3. 2. 3. 3. 3. 3. 2. 3. 3. 3. 3. 2. 3. 3.
 2. 3. 3. 2. 3. 3. 3. 3. 3. 2. 3. 3. 3. 3. 3. 3. 3. 3. 3. 3. 3. 3. 3. 2.]
ZZ:
225 events with <4 jets: [2. 3. 2. 3. 3. 3. 3. 3. 3. 3. 2. 3. 3. 3. 3. 3. 2. 3. 3. 3. 3. 3. 1. 3.
 3. 3. 3. 3. 3. 3. 3. 3. 3. 2. 3. 2. 3. 2. 3. 3. 3. 3. 3. 3. 2. 2. 3. 3.
 2. 2. 3. 3. 2. 3. 2. 3. 3. 3. 3. 3. 2. 3. 3. 3. 2. 3. 3. 2. 3. 3. 3. 3.
 1. 3. 3. 3. 2. 2. 2. 3. 3. 2. 3. 3. 2. 2. 3. 2. 3. 3. 3. 2. 2. 3. 2. 3.
 3. 3. 2. 2. 2. 2. 3. 1. 3. 3. 3. 3. 3. 3. 2. 3. 2. 3. 3. 1. 3. 3. 3. 3.
 3. 3. 3. 3. 3. 3. 3. 3. 3. 3. 2. 3. 3. 3. 3. 2. 2. 2. 3. 3. 2. 3. 3. 3.
 2. 3. 3. 3. 3. 3. 3. 3. 3. 3. 2. 3. 3. 3. 2. 2. 3. 3. 3. 3. 3. 2. 3. 3.
 3. 3. 3. 3. 2. 3. 2. 3. 2. 3. 3. 2. 3. 2. 3. 2. 3. 2. 3. 3. 3. 2. 3. 2.
 3. 3. 3. 2. 3. 3. 2. 3. 3. 3. 3. 2. 2. 3. 2. 3. 2. 3. 3. 3. 3. 3. 3. 3.
 2. 3. 3. 3. 3. 2. 2. 2. 3.]
HH:
266 events with <4 jets: [3. 3. 3. 3. 3. 1. 3. 3. 3. 3. 3. 3. 2. 3. 1. 3. 3. 3. 2. 3. 3. 3. 2. 3.
 2. 2. 3. 3. 2. 2. 3. 2. 2. 3. 3. 3. 1. 3. 3. 3. 3. 2. 3. 2. 2. 3. 3. 2.
 2. 2. 3. 2. 1. 3. 1. 3. 3. 2. 2. 1. 3. 3. 2. 3. 3. 2. 1. 3. 2. 3. 2. 2.
 3. 3. 3. 3. 2. 3. 3. 3. 3. 3. 3. 3. 3. 3. 3. 3. 2. 3. 2. 1. 3. 3. 3. 3.
 2. 3. 3. 3. 2. 3. 3. 2. 2. 3. 3. 2. 3. 3. 2. 3. 2. 3. 2. 3. 3. 2. 1. 3.
 3. 3. 2. 3. 3. 3. 2. 3. 3. 3. 3. 2. 3. 3. 3. 1. 3. 3. 2. 3. 3. 3. 3. 1.
 3. 3. 3. 3. 3. 3. 3. 3. 3. 3. 2. 3. 3. 3. 3. 3. 2. 2. 2. 3. 3. 3. 3. 3.
 3. 3. 3. 3. 3. 3. 2. 3. 3. 3. 3. 3. 2. 2. 3. 3. 3. 3. 1. 3. 3. 3. 3. 2.
 2. 3. 2. 3. 2. 2. 3. 3. 2. 3. 3. 3. 2. 3. 3. 2. 3. 2. 2. 3. 3. 3. 2. 3.
 1. 3. 2. 3. 3. 3. 2. 3. 3. 1. 3. 2. 3. 3. 2. 3. 2. 3. 3. 2. 3. 2. 2. 3.
 1. 3. 3. 2. 3. 2. 3. 3. 3. 3. 2. 3. 2. 3. 3. 3. 3. 3. 2. 3. 3. 3. 2. 3.
 2. 3.]
TT:
1001 events with <4 jets: [3. 3. 3. ... 3. 1. 3.]
BB:
696 events with <4 jets: [3. 3. 3. 2. 3. 3. 3. 3. 3. 3. 2. 3. 2. 3. 2. 3. 3. 3. 3. 1. 3. 3. 1. 1.
 3. 3. 3. 3. 2. 2. 3. 3. 3. 2. 3. 3. 3. 1. 3. 3. 2. 2. 3. 3. 3. 2. 3. 3.
 3. 3. 2. 2. 3. 3. 3. 2. 2. 3. 3. 3. 3. 3. 3. 3. 2. 3. 3. 1. 3. 3. 2. 3.
 3. 2. 3. 3. 2. 3. 3. 3. 3. 3. 3. 3. 3. 3. 3. 3. 3. 3. 3. 3. 3. 2. 3. 3.
 3. 1. 2. 3. 3. 3. 3. 3. 3. 3. 2. 3. 3. 2. 3. 3. 3. 3. 3. 3. 3. 2. 3. 3.
 2. 3. 2. 2. 3. 3. 3. 3. 2. 3. 3. 3. 1. 3. 3. 3. 2. 3. 1. 2. 3. 3. 3. 2.
 2. 3. 2. 3. 3. 2. 2. 3. 3. 3. 1. 3. 3. 3. 2. 2. 2. 2. 2. 3. 3. 3. 2. 2.
 3. 3. 2. 3. 3. 2. 2. 3. 3. 3. 2. 3. 2. 2. 3. 3. 3. 3. 2. 3. 3. 3. 2. 3.
 3. 3. 3. 3. 3. 3. 2. 3. 1. 2. 2. 3. 2. 3. 2. 3. 2. 3. 2. 2. 3. 3. 2. 2.
 3. 3. 3. 3. 2. 3. 2. 3. 3. 2. 3. 2. 2. 1. 3. 3. 3. 3. 3. 3. 3. 3. 3. 3.
 3. 2. 3. 3. 3. 3. 3. 3. 3. 3. 3. 2. 2. 3. 3. 3. 3. 1. 3. 3. 3. 1. 3. 3.
 3. 2. 3. 3. 3. 3. 1. 3. 2. 3. 2. 3. 3. 2. 3. 3. 1. 3. 3. 3. 3. 3. 3. 3.
 3. 3. 3. 3. 2. 2. 3. 3. 3. 3. 2. 2. 3. 3. 3. 3. 3. 2. 3. 3. 3. 3. 3. 2.
 3. 3. 3. 3. 2. 2. 2. 2. 3. 3. 2. 3. 2. 2. 2. 2. 3. 3. 3. 3. 3. 2. 2. 3.
 2. 3. 3. 2. 1. 2. 2. 3. 3. 2. 3. 3. 3. 3. 3. 3. 2. 3. 2. 2. 2. 3. 3. 3.
 2. 2. 3. 3. 2. 2. 3. 3. 3. 3. 3. 2. 2. 3. 3. 3. 3. 3. 3. 2. 3. 3. 3. 2.
 3. 2. 3. 3. 3. 3. 2. 3. 3. 3. 3. 3. 3. 2. 1. 3. 3. 2. 3. 3. 3. 2. 3. 3.
 1. 3. 2. 3. 3. 3. 3. 3. 2. 2. 3. 1. 3. 2. 3. 2. 2. 2. 3. 2. 3. 2. 2. 2.
 1. 2. 3. 3. 3. 3. 3. 2. 2. 2. 3. 2. 3. 3. 3. 3. 3. 3. 3. 3. 3. 3. 3. 3.
 3. 2. 3. 3. 1. 3. 1. 2. 3. 2. 1. 3. 2. 2. 2. 3. 3. 3. 3. 3. 2. 3. 3. 3.
 3. 3. 1. 2. 3. 2. 3. 2. 2. 3. 3. 3. 2. 3. 3. 3. 3. 2. 2. 2. 3. 2. 3. 3.
 2. 2. 3. 3. 2. 3. 3. 3. 3. 3. 3. 3. 3. 3. 3. 3. 3. 3. 3. 2. 3. 2. 3. 2.
 3. 2. 3. 3. 3. 3. 2. 2. 3. 3. 3. 3. 3. 3. 3. 3. 2. 3. 2. 3. 3. 3. 3. 3.
 3. 2. 2. 3. 3. 2. 3. 2. 3. 3. 3. 3. 3. 3. 1. 3. 3. 3. 3. 1. 3. 3. 2. 3.
 3. 2. 2. 3. 3. 3. 3. 1. 3. 3. 2. 2. 2. 3. 2. 3. 2. 1. 3. 3. 3. 3. 2. 3.
 1. 3. 3. 3. 2. 1. 3. 2. 2. 3. 1. 3. 3. 2. 3. 3. 2. 3. 3. 3. 3. 3. 2. 3.
 3. 3. 3. 3. 3. 3. 3. 3. 3. 3. 3. 2. 3. 3. 2. 3. 3. 3. 3. 2. 3. 3. 2. 3.
 2. 3. 3. 3. 3. 3. 1. 2. 2. 3. 3. 3. 1. 3. 3. 3. 3. 2. 3. 3. 2. 2. 2. 3.
 3. 2. 2. 3. 3. 2. 2. 3. 3. 2. 3. 3. 2. 3. 2. 1. 3. 3. 3. 3. 2. 3. 2. 2.]
QCD:
585 events with <4 jets: [3. 3. 3. 3. 2. 3. 2. 3. 2. 1. 3. 1. 3. 3. 3. 2. 2. 3. 3. 3. 3. 3. 3. 3.
 3. 3. 3. 3. 3. 3. 3. 3. 2. 1. 2. 2. 2. 3. 3. 3. 2. 2. 3. 3. 3. 3. 2. 3.
 3. 3. 3. 1. 2. 3. 3. 2. 3. 3. 3. 3. 2. 3. 3. 2. 3. 3. 3. 2. 1. 3. 2. 3.
 3. 2. 3. 3. 3. 3. 1. 2. 2. 3. 2. 3. 3. 3. 2. 3. 2. 3. 2. 3. 1. 3. 3. 2.
 3. 3. 3. 3. 3. 2. 3. 3. 2. 3. 3. 1. 3. 3. 3. 3. 3. 2. 3. 2. 3. 2. 3. 3.
 3. 3. 2. 3. 1. 3. 2. 2. 2. 2. 2. 1. 3. 3. 2. 2. 1. 3. 2. 3. 3. 1. 1. 3.
 2. 3. 3. 3. 3. 3. 3. 3. 3. 3. 3. 2. 3. 2. 3. 3. 3. 3. 2. 1. 3. 3. 3. 2.
 2. 3. 1. 2. 3. 3. 2. 1. 1. 1. 3. 3. 2. 3. 3. 2. 3. 3. 3. 3. 2. 3. 2. 3.
 2. 3. 3. 3. 3. 3. 3. 3. 3. 2. 2. 2. 3. 3. 2. 3. 3. 3. 3. 3. 3. 3. 3. 1.
 1. 2. 2. 3. 2. 3. 3. 3. 2. 3. 3. 3. 3. 3. 3. 2. 3. 3. 3. 2. 3. 3. 2. 2.
 2. 3. 3. 3. 3. 3. 1. 3. 1. 3. 2. 3. 1. 3. 2. 3. 3. 3. 3. 2. 2. 2. 3. 2.
 3. 2. 3. 3. 2. 2. 3. 3. 3. 3. 2. 3. 2. 2. 2. 2. 1. 3. 3. 3. 2. 3. 2. 3.
 3. 2. 2. 3. 2. 3. 2. 3. 3. 2. 3. 3. 3. 3. 3. 3. 2. 3. 3. 3. 2. 2. 3. 3.
 3. 2. 3. 2. 3. 3. 3. 3. 2. 3. 3. 3. 2. 1. 3. 3. 2. 3. 2. 3. 3. 3. 3. 3.
 3. 3. 3. 3. 2. 3. 1. 3. 3. 3. 3. 3. 3. 3. 1. 3. 3. 2. 3. 3. 2. 3. 2. 3.
 1. 3. 3. 2. 3. 2. 3. 3. 3. 2. 2. 2. 2. 3. 2. 3. 3. 3. 3. 3. 2. 3. 2. 3.
 3. 3. 3. 3. 3. 2. 3. 2. 3. 3. 3. 2. 2. 3. 3. 2. 3. 2. 3. 2. 2. 3. 3. 3.
 3. 3. 2. 3. 3. 3. 3. 3. 2. 3. 3. 2. 3. 2. 3. 2. 3. 3. 3. 3. 3. 2. 3. 2.
 2. 3. 2. 3. 2. 2. 1. 3. 2. 3. 2. 3. 3. 3. 3. 3. 3. 3. 2. 3. 2. 3. 2. 3.
 3. 3. 3. 3. 3. 3. 3. 3. 3. 2. 3. 1. 3. 2. 3. 3. 3. 3. 2. 3. 2. 2. 3. 3.
 3. 3. 2. 3. 3. 3. 2. 3. 3. 2. 3. 3. 3. 2. 3. 2. 2. 3. 3. 3. 3. 3. 3. 3.
 3. 2. 2. 3. 2. 2. 3. 2. 2. 2. 2. 3. 2. 3. 2. 2. 3. 3. 3. 3. 3. 2. 3. 3.
 3. 3. 3. 3. 3. 2. 3. 3. 2. 3. 3. 1. 3. 3. 3. 2. 2. 3. 3. 3. 3. 3. 2. 3.
 2. 2. 3. 3. 3. 3. 2. 3. 3. 3. 3. 3. 3. 3. 3. 3. 3. 1. 3. 3. 2. 3. 3. 3.
 3. 2. 3. 3. 2. 3. 3. 3. 2.]

